150
134.505
123.812
116.432
111.34
107.826
105.401
103.727
102.572
101.775
101.225
100.845
100.583
100.403
100.278
100.192
100.132
100.091
100.063
100.043
100.03
100.021
100.014
100.01
100.007
100.005
100.003
100.002
100.002
100.001
100.001
100.001
100
100
100
100
100
100
100
100
100
100
100
100
100
100
100
100
100
100
100
100
100
100
100
100
100
100
100
100
100
100
100
99.9999
99.9999
99.9999
99.9998
99.9998
99.9996
99.9995
99.9993
99.9989
99.9985
99.9978
99.9968
99.9953
99.9932
99.9901
99.9857
99.9793
99.97
99.9565
99.937
99.9087
99.8677
99.8083
99.7222
99.5975
99.4167
99.1547
98.7752
98.2251
97.4281
96.2731
94.5995
92.1743
88.66
83.5675
76.1882
65.4951
50
150
143.066
136.433
130.33
124.893
120.176
116.174
112.84
110.105
107.892
106.121
104.719
103.617
102.758
102.094
101.583
101.192
100.894
100.669
100.499
100.371
100.275
100.203
100.15
100.111
100.081
100.06
100.044
100.032
100.023
100.017
100.012
100.009
100.007
100.005
100.003
100.002
100.002
100.001
100.001
100.001
100
100
100
100
100
100
100
100
100
100
100
100
99.9999
99.9999
99.9999
99.9998
99.9998
99.9997
99.9995
99.9993
99.9991
99.9987
99.9982
99.9975
99.9966
99.9953
99.9935
99.991
99.9877
99.9831
99.9768
99.9682
99.9565
99.9405
99.9189
99.8897
99.8502
99.7971
99.7257
99.6301
99.5026
99.3329
99.108
98.8113
98.4215
97.912
97.2498
96.3941
95.2962
93.8981
92.1332
89.9271
87.2007
83.8753
79.8812
75.1704
69.7338
63.6224
56.9687
50
150
144.928
139.953
135.166
130.646
126.451
122.622
119.179
116.126
113.454
111.142
109.164
107.489
106.083
104.912
103.945
103.153
102.508
101.985
101.565
101.229
100.962
100.749
100.582
100.451
100.348
100.268
100.206
100.157
100.12
100.092
100.07
100.053
100.04
100.03
100.023
100.017
100.013
100.01
100.007
100.005
100.004
100.003
100.002
100.002
100.001
100.001
100.001
100
100
100
99.9998
99.9997
99.9994
99.9992
99.9988
99.9984
99.9978
99.997
99.996
99.9946
99.9928
99.9904
99.9872
99.983
99.9773
99.9699
99.9602
99.9474
99.9307
99.9088
99.8802
99.8432
99.7951
99.7331
99.6533
99.5508
99.4199
99.2533
99.0422
98.7757
98.4409
98.0226
97.5028
96.8603
96.0715
95.1092
93.9438
92.5434
90.8746
88.9043
86.6007
83.9362
80.8903
77.4523
73.6251
69.4281
64.8997
60.0983
55.101
50
150
146.11
142.261
138.49
134.837
131.332
128.005
124.877
121.965
119.278
116.821
114.594
112.592
110.806
109.225
107.836
106.623
105.571
104.665
103.89
103.229
102.67
102.198
101.803
101.474
101.2
100.974
100.788
100.636
100.511
100.409
100.327
100.261
100.207
100.164
100.13
100.102
100.081
100.063
100.049
100.039
100.03
100.023
100.018
100.014
100.01
100.007
100.005
100.003
100.002
100
99.9984
99.9967
99.9948
99.9926
99.9898
99.9864
99.9822
99.9769
99.9701
99.9615
99.9507
99.937
99.9197
99.898
99.8707
99.8364
99.7937
99.7404
99.6743
99.5924
99.4915
99.3675
99.2156
99.0304
98.8055
98.5334
98.2056
97.8128
97.344
96.7876
96.1304
95.3586
94.4573
93.411
92.204
90.8207
89.2463
87.4671
85.4714
83.2505
80.799
78.1159
75.2053
72.0767
68.7457
65.2339
61.5687
57.7828
53.9131
50
150
146.555
143.137
139.773
136.489
133.309
130.253
127.34
124.584
121.996
119.585
117.353
115.302
113.431
111.734
110.205
108.836
107.617
106.539
105.591
104.76
104.038
103.411
102.872
102.409
102.013
101.677
101.392
101.152
100.95
100.782
100.641
100.524
100.427
100.347
100.282
100.228
100.184
100.148
100.118
100.094
100.075
100.059
100.047
100.036
100.028
100.021
100.015
100.009
100.005
100
99.9955
99.9908
99.9855
99.9795
99.9724
99.9639
99.9535
99.9408
99.9252
99.906
99.8823
99.8531
99.8173
99.7735
99.7198
99.6544
99.575
99.4787
99.3624
99.2224
99.0546
98.854
98.6152
98.3321
97.9977
97.6044
97.144
96.6073
95.9847
95.2658
94.44
93.4963
92.4235
91.2108
89.8478
88.325
86.634
84.7681
82.7227
80.4954
78.0869
75.5009
72.7446
69.8286
66.7671
63.5779
60.2818
56.9026
53.4661
50
150
147.006
144.028
141.086
138.195
135.372
132.632
129.987
127.45
125.03
122.734
120.569
118.539
116.645
114.888
113.266
111.776
110.416
109.179
108.06
107.053
106.15
105.344
104.628
103.995
103.437
102.948
102.521
102.148
101.826
101.547
101.307
101.101
100.925
100.775
100.647
100.539
100.447
100.37
100.305
100.251
100.205
100.167
100.134
100.107
100.083
100.063
100.045
100.029
100.014
100
99.9859
99.9711
99.9552
99.9375
99.9174
99.894
99.8667
99.8344
99.7961
99.7505
99.6963
99.6318
99.5551
99.4642
99.3567
99.2298
99.0805
98.9055
98.7007
98.4621
98.1849
97.8642
97.4943
97.0693
96.5829
96.0284
95.3989
94.6871
93.8857
92.9874
91.9848
90.8712
89.6398
88.2847
86.801
85.1843
83.4317
81.5419
79.5147
77.352
75.0573
72.6362
70.0962
67.4468
64.6993
61.8668
58.9641
56.0072
53.0132
50
150
147.223
144.46
141.724
139.03
136.389
133.814
131.316
128.905
126.59
124.377
122.272
120.281
118.405
116.646
115.005
113.481
112.071
110.773
109.584
108.499
107.512
106.619
105.815
105.092
104.446
103.87
103.359
102.907
102.508
102.158
101.852
101.585
101.352
101.15
100.976
100.826
100.696
100.585
100.49
100.409
100.339
100.279
100.227
100.183
100.144
100.11
100.08
100.052
100.026
100
99.975
99.9489
99.9211
99.8907
99.8567
99.8182
99.774
99.7228
99.6633
99.5939
99.5128
99.4182
99.3077
99.1792
99.0297
98.8565
98.6561
98.425
98.1594
97.8549
97.507
97.111
96.6616
96.1534
95.5809
94.9383
94.2197
93.4192
92.531
91.5494
90.469
89.2848
87.9924
86.588
85.0685
83.4318
81.6769
79.804
77.8145
75.711
73.4977
71.1802
68.7656
66.2622
63.6798
61.0294
58.3229
55.5733
52.7943
50
150
147.4
144.81
142.243
139.709
137.22
134.785
132.413
130.114
127.894
125.761
123.719
121.773
119.927
118.182
116.541
115.002
113.566
112.231
110.995
109.855
108.807
107.849
106.974
106.179
105.46
104.811
104.227
103.704
103.237
102.821
102.452
102.126
101.838
101.584
101.362
101.167
100.997
100.849
100.72
100.608
100.51
100.424
100.35
100.284
100.226
100.174
100.127
100.083
100.041
100.001
99.9602
99.9186
99.8748
99.8276
99.7757
99.7179
99.6526
99.5784
99.4935
99.3963
99.2846
99.1563
99.0089
98.84
98.6466
98.4257
98.1739
97.8876
97.5632
97.1964
96.7832
96.3189
95.799
95.2187
94.5733
93.8578
93.0673
92.1973
91.243
90.2002
89.0649
87.8337
86.5035
85.0721
83.5377
81.8997
80.1581
78.314
76.3695
74.3277
72.1929
69.9704
67.6667
65.2891
62.8461
60.347
57.8019
55.2215
52.617
50
150
147.611
145.23
142.866
140.528
138.224
135.962
133.75
131.595
129.502
127.478
125.527
123.654
121.862
120.153
118.53
116.994
115.544
114.182
112.906
111.714
110.605
109.577
108.627
107.751
106.946
106.21
105.537
104.925
104.37
103.868
103.415
103.007
102.641
102.313
102.02
101.759
101.527
101.32
101.136
100.973
100.828
100.699
100.583
100.479
100.385
100.299
100.219
100.144
100.072
100.001
99.9308
99.8588
99.7838
99.7042
99.6184
99.5247
99.4212
99.3062
99.1777
99.0334
98.8713
98.6888
98.4834
98.2524
97.993
97.702
97.3762
97.0125
96.6071
96.1567
95.6573
95.1054
94.497
93.8284
93.0958
92.2955
91.424
90.4779
89.4541
88.3499
87.1628
85.8908
84.5325
83.0869
81.5537
79.9333
78.2266
76.4354
74.5623
72.6105
70.5841
68.4878
66.3273
64.1087
61.839
59.5256
57.1764
54.7999
52.4048
50
150
147.726
145.459
143.206
140.976
138.775
136.611
134.489
132.417
130.399
128.441
126.547
124.722
122.968
121.288
119.684
118.158
116.711
115.343
114.053
112.842
111.707
110.647
109.661
108.745
107.897
107.115
106.395
105.735
105.13
104.578
104.076
103.62
103.206
102.833
102.495
102.191
101.918
101.672
101.451
101.253
101.074
100.913
100.767
100.634
100.512
100.399
100.294
100.193
100.097
100.002
99.9071
99.8106
99.7106
99.6054
99.493
99.3718
99.2395
99.0943
98.934
98.7563
98.5589
98.3394
98.0951
97.8233
97.5213
97.1861
96.8146
96.4037
95.9502
95.4509
94.9023
94.3013
93.6444
92.9285
92.1503
91.3069
90.3953
89.413
88.3576
87.227
86.0195
84.7339
83.3692
81.9252
80.4021
78.8006
77.122
75.3684
73.5422
71.6468
69.686
67.6641
65.5863
63.4581
61.2856
59.0753
56.8343
54.5696
52.289
50
150
147.871
145.748
143.636
141.543
139.474
137.435
135.431
133.468
131.549
129.681
127.866
126.108
124.411
122.777
121.207
119.705
118.271
116.905
115.609
114.381
113.222
112.131
111.106
110.146
109.249
108.414
107.637
106.917
106.251
105.636
105.07
104.55
104.073
103.636
103.237
102.873
102.54
102.237
101.961
101.709
101.478
101.267
101.073
100.893
100.726
100.569
100.42
100.278
100.14
100.003
99.8668
99.7285
99.5863
99.4381
99.2818
99.1153
98.9366
98.7433
98.5332
98.304
98.0533
97.7786
97.4773
97.1469
96.7847
96.3879
95.9538
95.4797
94.9626
94.3998
93.7886
93.1261
92.4097
91.6369
90.8053
89.9126
88.9568
87.936
86.8486
85.6935
84.4696
83.1764
81.8138
80.3818
78.8813
77.3134
75.6795
73.9819
72.223
70.4058
68.5339
66.6112
64.6421
62.6313
60.584
58.5056
56.402
54.279
52.1429
50
150
147.954
145.912
143.881
141.867
139.874
137.907
135.971
134.072
132.213
130.398
128.632
126.917
125.256
123.652
122.107
120.623
119.201
117.843
116.547
115.316
114.148
113.044
112.001
111.02
110.098
109.235
108.428
107.676
106.976
106.326
105.723
105.166
104.651
104.177
103.74
103.338
102.968
102.629
102.316
102.029
101.764
101.519
101.291
101.079
100.88
100.692
100.512
100.339
100.171
100.004
99.8377
99.6691
99.4965
99.3174
99.1299
98.9317
98.7206
98.4943
98.2504
97.9868
97.7009
97.3904
97.0526
96.6853
96.2857
95.8513
95.3795
94.8679
94.3137
93.7145
93.0679
92.3714
91.6228
90.8198
89.9605
89.043
88.0657
87.0271
85.9261
84.7618
83.5336
82.2413
80.885
79.4652
77.9826
76.4386
74.8348
73.1733
71.4566
69.6874
67.8692
66.0054
64.1002
62.1578
60.183
58.1805
56.1556
54.1135
52.0598
50
150
148.027
146.059
144.1
142.156
140.231
138.329
136.456
134.614
132.81
131.045
129.323
127.649
126.023
124.449
122.929
121.465
120.057
118.708
117.417
116.185
115.013
113.899
112.844
111.847
110.905
110.02
109.188
108.408
107.678
106.997
106.362
105.772
105.223
104.714
104.242
103.804
103.4
103.025
102.677
102.355
102.056
101.777
101.516
101.271
101.04
100.82
100.608
100.403
100.203
100.005
99.8074
99.6074
99.4031
99.1922
98.9725
98.7419
98.4979
98.2383
97.9609
97.6631
97.3428
96.9975
96.6248
96.2223
95.7876
95.3182
94.8119
94.2661
93.6786
93.0472
92.3696
91.6437
90.8676
90.0394
89.1574
88.2201
87.2262
86.1746
85.0645
83.8952
82.6664
81.3782
80.0308
78.6249
77.1615
75.6418
74.0676
72.4409
70.7641
69.0398
67.2711
65.4614
63.6144
61.734
59.8244
57.8901
55.9357
53.9659
51.9857
50
150
148.124
146.252
144.388
142.537
140.702
138.887
137.096
135.333
133.602
131.905
130.246
128.627
127.051
125.521
124.037
122.603
121.219
119.887
118.606
117.379
116.205
115.085
114.017
113.002
112.039
111.127
110.264
109.451
108.685
107.964
107.287
106.653
106.058
105.502
104.982
104.496
104.042
103.618
103.221
102.849
102.499
102.171
101.86
101.566
101.285
101.016
100.756
100.502
100.254
100.007
99.7609
99.5125
99.2596
99
98.7315
98.4517
98.1585
97.8494
97.5223
97.1748
96.8046
96.4096
95.9873
95.5357
95.0523
94.5352
93.982
93.3908
92.7596
92.0862
91.3691
90.6063
89.7964
88.9378
88.0292
87.0696
86.0579
84.9935
83.8758
82.7046
81.4798
80.2017
78.8708
77.4879
76.054
74.5706
73.0392
71.4618
69.8406
68.1782
66.4771
64.7406
62.9718
61.1742
59.3515
57.5074
55.6461
53.7716
51.8881
50
150
148.181
146.366
144.558
142.762
140.98
139.217
137.475
135.76
134.072
132.417
130.796
129.212
127.667
126.164
124.705
123.29
121.923
120.603
119.331
118.109
116.937
115.815
114.742
113.719
112.745
111.819
110.941
110.109
109.322
108.579
107.878
107.218
106.596
106.012
105.463
104.947
104.463
104.007
103.578
103.174
102.793
102.432
102.089
101.762
101.449
101.147
100.855
100.569
100.287
100.009
99.7298
99.4489
99.1635
98.8714
98.5704
98.2581
97.9324
97.591
97.2317
96.8522
96.4502
96.0237
95.5704
95.0883
94.5751
94.0289
93.4477
92.8295
92.1726
91.475
90.7354
89.9519
89.1234
88.2485
87.3261
86.3553
85.3354
84.2658
83.1461
81.9763
80.7564
79.4868
78.1681
76.8012
75.3871
73.9271
72.423
70.8765
69.2898
67.6652
66.0054
64.313
62.5911
60.843
59.0719
57.2815
55.4752
53.657
51.8306
50
150
148.258
146.519
144.786
143.063
141.354
139.66
137.986
136.334
134.707
133.108
131.539
130.004
128.503
127.039
125.614
124.229
122.886
121.586
120.329
119.117
117.95
116.828
115.752
114.72
113.734
112.792
111.894
111.039
110.226
109.454
108.722
108.027
107.37
106.748
106.159
105.602
105.075
104.575
104.102
103.653
103.225
102.818
102.428
102.053
101.692
101.343
101.002
100.668
100.338
100.011
99.6838
99.3546
99.021
98.6809
98.3319
97.972
97.5989
97.2105
96.8046
96.379
95.9317
95.4606
94.9637
94.439
93.8846
93.2987
92.6794
92.025
91.3339
90.6047
89.8359
89.0262
88.1744
87.2796
86.341
85.3577
84.3293
83.2554
82.1359
80.9709
79.7605
78.5052
77.2056
75.8628
74.4777
73.0518
71.5864
70.0834
68.5447
66.9725
65.3691
63.7371
62.079
60.3979
58.6966
56.9782
55.2461
53.5034
51.7536
50
150
148.304
146.61
144.923
143.244
141.578
139.926
138.292
136.679
135.089
133.525
131.989
130.483
129.009
127.57
126.167
124.801
123.474
122.187
120.941
119.736
118.573
117.454
116.376
115.342
114.349
113.399
112.491
111.623
110.795
110.006
109.255
108.541
107.862
107.216
106.603
106.021
105.467
104.941
104.44
103.962
103.505
103.068
102.648
102.243
101.851
101.47
101.098
100.732
100.371
100.013
99.6539
99.2932
98.9282
98.5568
98.1768
97.7861
97.3825
96.9639
96.5282
96.0734
95.5974
95.0984
94.5743
94.0233
93.4435
92.8333
92.191
91.5149
90.8037
90.0558
89.2702
88.4455
87.5808
86.6752
85.728
84.7386
83.7065
82.6316
81.5138
80.3531
79.1499
77.9047
76.6182
75.2912
73.9249
72.5205
71.0795
69.6037
68.0947
66.5547
64.9859
63.3905
61.7712
60.1306
58.4713
56.7964
55.1087
53.4114
51.7074
50
150
148.346
146.695
145.049
143.411
141.785
140.172
138.576
136.999
135.443
133.911
132.405
130.927
129.48
128.064
126.682
125.334
124.023
122.749
121.513
120.317
119.159
118.042
116.965
115.928
114.931
113.974
113.057
112.178
111.337
110.533
109.765
109.032
108.334
107.667
107.031
106.425
105.847
105.295
104.767
104.261
103.777
103.311
102.861
102.427
102.005
101.594
101.192
100.795
100.404
100.014
99.6248
99.2334
98.8378
98.436
98.0258
97.6051
97.172
96.7242
96.2599
95.7771
95.2738
94.7481
94.1982
93.6224
93.0189
92.3861
91.7224
91.0263
90.2966
89.532
88.7312
87.8932
87.0172
86.1024
85.1481
84.1539
83.1194
82.0444
80.9291
79.7734
78.5779
77.343
76.0694
74.7579
73.4098
72.0262
70.6084
69.1582
67.6773
66.1675
64.631
63.0699
61.4866
59.8835
58.2633
56.6285
54.9819
53.3264
51.6648
50
150
148.404
146.81
145.221
143.639
142.067
140.508
138.963
137.436
135.927
134.44
132.976
131.538
130.126
128.743
127.391
126.07
124.781
123.527
122.307
121.122
119.974
118.862
117.786
116.748
115.746
114.781
113.852
112.959
112.101
111.277
110.487
109.729
109.003
108.308
107.641
107.002
106.389
105.801
105.236
104.692
104.167
103.66
103.17
102.693
102.228
101.773
101.327
100.887
100.451
100.017
99.5829
99.1472
98.7074
98.2617
97.8081
97.3445
96.869
96.3797
95.8746
95.352
94.81
94.2469
93.6609
93.0505
92.414
91.75
91.0571
90.3339
89.5793
88.7921
87.9713
87.1161
86.2256
85.2992
84.3365
83.337
82.3005
81.2269
80.1164
78.9691
77.7854
76.5659
75.3113
74.0224
72.7003
71.3461
69.9611
68.5469
67.105
65.6372
64.1453
62.6314
61.0976
59.5462
57.9793
56.3994
54.809
53.2106
51.6067
50
150
148.439
146.88
145.325
143.778
142.239
140.713
139.199
137.702
136.222
134.763
133.325
131.911
130.522
129.16
127.826
126.521
125.247
124.005
122.796
121.619
120.477
119.369
118.295
117.256
116.252
115.283
114.348
113.446
112.578
111.743
110.94
110.167
109.425
108.712
108.026
107.367
106.732
106.122
105.533
104.965
104.415
103.883
103.366
102.862
102.37
101.888
101.414
100.945
100.481
100.019
99.5563
99.0923
98.6244
98.1508
97.6695
97.1786
96.6763
96.1607
95.6299
95.0823
94.516
93.9295
93.321
92.6891
92.0323
91.3492
90.6385
89.8988
89.1292
88.3286
87.496
86.6307
85.7319
84.7991
83.8319
82.8298
81.7929
80.7209
79.6141
78.4726
77.297
76.0876
74.8452
73.5708
72.2651
70.9294
69.5649
68.173
66.7553
65.3134
63.849
62.3641
60.8607
59.3407
57.8064
56.2601
54.7039
53.1402
51.5714
50
150
148.487
146.976
145.469
143.968
142.476
140.994
139.524
138.069
136.629
135.208
133.806
132.426
131.068
129.735
128.428
127.147
125.894
124.67
123.475
122.311
121.178
120.076
119.006
117.967
116.961
115.986
115.043
114.131
113.25
112.399
111.578
110.785
110.021
109.283
108.571
107.883
107.219
106.577
105.956
105.353
104.769
104.2
103.646
103.104
102.573
102.052
101.537
101.029
100.524
100.021
99.5185
99.014
98.506
97.9925
97.4718
96.9422
96.4017
95.8488
95.2816
94.6987
94.0983
93.4788
92.8389
92.1771
91.4921
90.7825
90.0472
89.285
88.495
87.6762
86.8278
85.9491
85.0395
84.0986
83.1258
82.1211
81.0843
80.0154
78.9145
77.782
76.6182
75.4236
74.1989
72.945
71.6627
70.3531
69.0174
67.6569
66.2729
64.867
63.4408
61.9961
60.5345
59.0581
57.5687
56.0684
54.5593
53.0434
51.5229
50
150
148.517
147.035
145.557
144.085
142.621
141.166
139.723
138.294
136.879
135.481
134.102
132.743
131.405
130.089
128.798
127.532
126.293
125.08
123.895
122.739
121.612
120.514
119.446
118.409
117.401
116.424
115.476
114.558
113.669
112.809
111.977
111.172
110.394
109.641
108.913
108.208
107.525
106.864
106.222
105.598
104.992
104.4
103.822
103.257
102.701
102.155
101.616
101.082
100.551
100.023
99.4947
98.9647
98.4312
97.8926
97.3471
96.7929
96.2285
95.6521
95.0621
94.457
93.8352
93.1953
92.5359
91.8555
91.153
90.4271
89.6767
88.9008
88.0984
87.2686
86.4108
85.5242
84.6083
83.6626
82.687
81.681
80.6447
79.5782
78.4814
77.3548
76.1986
75.0136
73.8002
72.5593
71.2917
69.9984
68.6807
67.3396
65.9766
64.593
63.1903
61.7703
60.3346
58.8849
57.4231
55.9511
54.4707
52.9841
51.4932
50
150
148.544
147.09
145.64
144.195
142.757
141.328
139.91
138.504
137.113
135.737
134.379
133.04
131.72
130.422
129.147
127.895
126.668
125.466
124.29
123.142
122.021
120.928
119.862
118.826
117.818
116.838
115.886
114.963
114.067
113.198
112.356
111.54
110.749
109.982
109.238
108.517
107.817
107.137
106.476
105.832
105.204
104.591
103.991
103.403
102.824
102.254
101.691
101.133
100.578
100.025
99.472
98.9175
98.3598
97.7971
97.2279
96.6504
96.0631
95.4643
94.8526
94.2265
93.5844
92.9251
92.2471
91.5493
90.8303
90.0891
89.3246
88.5358
87.7218
86.8819
86.0153
85.1215
84.1999
83.2501
82.2719
81.2651
80.2296
79.1655
78.0729
76.9521
75.8034
74.6275
73.425
72.1965
70.9429
69.6652
68.3645
67.0418
65.6985
64.3359
62.9555
61.5587
60.1472
58.7226
57.2867
55.8412
54.3879
52.9286
51.4654
50
150
148.583
147.167
145.754
144.346
142.945
141.552
140.168
138.796
137.438
136.093
134.764
133.452
132.159
130.885
129.631
128.399
127.19
126.004
124.842
123.704
122.592
121.505
120.444
119.409
118.4
117.417
116.461
115.53
114.624
113.744
112.888
112.056
111.248
110.462
109.697
108.953
108.229
107.523
106.835
106.163
105.505
104.862
104.23
103.609
102.998
102.394
101.797
101.204
100.615
100.028
99.44
98.851
98.2589
97.6622
97.0594
96.449
95.8293
95.1991
94.5568
93.9011
93.2306
92.544
91.8402
91.1178
90.3759
89.6134
88.8293
88.0227
87.1929
86.339
85.4606
84.557
83.6278
82.6727
81.6913
80.6837
79.6496
78.5893
77.5029
76.3905
75.2528
74.09
72.9028
71.6919
70.4581
69.2022
67.9253
66.6284
65.3127
63.9794
62.6299
61.2655
59.8876
58.4979
57.0978
55.689
54.2731
52.8518
51.4269
50
150
148.606
147.214
145.824
144.439
143.061
141.69
140.328
138.977
137.638
136.312
135.001
133.707
132.429
131.17
129.931
128.711
127.513
126.337
125.183
124.052
122.946
121.863
120.805
119.771
118.762
117.778
116.818
115.883
114.972
114.084
113.22
112.379
111.559
110.761
109.984
109.226
108.486
107.765
107.059
106.369
105.694
105.031
104.38
103.739
103.107
102.482
101.864
101.25
100.639
100.029
99.42
98.8093
98.1957
97.5777
96.9539
96.3227
95.6829
95.0329
94.3715
93.6973
93.0091
92.3055
91.5856
90.8481
90.0919
89.3163
88.5201
87.7026
86.863
86.0007
85.115
84.2055
83.2718
82.3135
81.3304
80.3225
79.2896
78.2318
77.1494
76.0425
74.9116
73.7571
72.5796
71.3798
70.1583
68.9161
67.654
66.3732
65.0746
63.7595
62.429
61.0846
59.7276
58.3593
56.9814
55.5952
54.2024
52.8045
51.4032
50
150
148.639
147.279
145.922
144.569
143.221
141.881
140.549
139.227
137.916
136.617
135.332
134.061
132.806
131.568
130.348
129.146
127.963
126.801
125.659
124.539
123.44
122.363
121.309
120.278
119.269
118.283
117.319
116.378
115.459
114.562
113.686
112.831
111.997
111.182
110.387
109.609
108.848
108.104
107.375
106.661
105.959
105.27
104.591
103.922
103.261
102.606
101.958
101.314
100.672
100.032
99.392
98.7507
98.1067
97.4587
96.8052
96.145
95.4767
94.799
94.1108
93.4106
92.6975
91.9702
91.2277
90.4689
89.693
88.899
88.086
87.2533
86.4003
85.5263
84.6307
83.7132
82.7733
81.8109
80.8256
79.8174
78.7863
77.7324
76.6558
75.5567
74.4356
73.2929
72.1291
70.9448
69.7407
68.5176
67.2764
66.0179
64.7433
63.4535
62.1497
60.8332
59.5051
58.1668
56.8196
55.4649
54.1042
52.7388
51.3702
50
150
148.659
147.319
145.982
144.649
143.321
142
140.686
139.382
138.088
136.806
135.536
134.281
133.04
131.814
130.606
129.415
128.242
127.089
125.955
124.84
123.747
122.674
121.623
120.592
119.584
118.596
117.63
116.686
115.762
114.859
113.976
113.113
112.27
111.445
110.638
109.848
109.075
108.317
107.573
106.843
106.125
105.419
104.723
104.036
103.357
102.684
102.017
101.354
100.693
100.034
99.3745
98.7141
98.0511
97.3843
96.7124
96.034
95.3479
94.6529
93.9479
93.2316
92.5029
91.7608
91.0043
90.2324
89.4442
88.6387
87.8154
86.9734
86.112
85.2308
84.3292
83.4068
82.4633
81.4984
80.5118
79.5036
78.4738
77.4223
76.3494
75.2554
74.1405
73.0052
71.8499
70.6754
69.4821
68.2709
67.0427
65.7981
64.5383
63.2643
61.977
60.6778
59.3676
58.0478
56.7196
55.3844
54.0435
52.6982
51.3499
50
150
148.678
147.357
146.039
144.724
143.415
142.111
140.815
139.528
138.25
136.984
135.729
134.487
133.26
132.047
130.85
129.669
128.506
127.36
126.233
125.125
124.037
122.968
121.919
120.89
119.881
118.893
117.925
116.977
116.049
115.141
114.251
113.381
112.528
111.694
110.876
110.075
109.289
108.518
107.76
107.016
106.283
105.561
104.849
104.145
103.448
102.758
102.073
101.392
100.713
100.035
99.358
98.6794
97.9984
97.3138
96.6242
95.9286
95.2257
94.5143
93.7933
93.0617
92.3184
91.5623
90.7925
90.0082
89.2083
88.3922
87.559
86.7082
85.8391
84.9512
84.0439
83.1169
82.17
81.2028
80.2151
79.207
78.1784
77.1294
76.0601
74.9708
73.8618
72.7335
71.5864
70.4211
69.2381
68.0383
66.8222
65.5909
64.3451
63.0859
61.8143
60.5313
59.238
57.9357
56.6255
55.3086
53.9863
52.6599
51.3307
50
150
148.705
147.41
146.118
144.829
143.545
142.267
140.995
139.731
138.476
137.232
135.998
134.776
133.566
132.371
131.19
130.024
128.874
127.74
126.623
125.523
124.442
123.378
122.333
121.306
120.298
119.308
118.338
117.385
116.451
115.535
114.637
113.755
112.891
112.043
111.211
110.393
109.59
108.801
108.024
107.259
106.504
105.76
105.025
104.297
103.577
102.862
102.152
101.445
100.741
100.038
99.3349
98.6308
97.9245
97.2148
96.5006
95.7807
95.0541
94.3197
93.5765
92.8234
92.0595
91.2838
90.4955
89.6937
88.8776
88.0465
87.1997
86.3367
85.4567
84.5594
83.6443
82.7111
81.7595
80.7892
79.8001
78.7922
77.7654
76.7199
75.6557
74.5732
73.4725
72.3542
71.2186
70.0662
68.8977
67.7136
66.5148
65.3019
64.0757
62.8373
61.5874
60.3271
59.0575
57.7795
56.4943
55.2029
53.9067
52.6066
51.304
50
150
148.721
147.443
146.167
144.895
143.626
142.363
141.106
139.857
138.617
137.385
136.164
134.954
133.757
132.572
131.401
130.244
129.102
127.975
126.865
125.771
124.693
123.633
122.59
121.565
120.557
119.567
118.594
117.639
116.701
115.78
114.876
113.989
113.117
112.26
111.419
110.592
109.778
108.977
108.188
107.41
106.642
105.884
105.135
104.393
103.657
102.927
102.201
101.479
100.759
100.04
99.3206
98.6006
97.8785
97.1531
96.4235
95.6886
94.9472
94.1985
93.4413
92.6749
91.8982
91.1103
90.3104
89.4978
88.6717
87.8313
86.9761
86.1054
85.2188
84.3157
83.3958
82.4587
81.5042
80.5321
79.5422
78.5344
77.5088
76.4655
75.4046
74.3263
73.2309
72.1188
70.9904
69.8461
68.6866
67.5123
66.3241
65.1227
63.9087
62.6832
61.4468
60.2007
58.9456
57.6827
56.413
55.1375
53.8573
52.5736
51.2875
50
150
148.744
147.489
146.236
144.985
143.739
142.497
141.262
140.033
138.812
137.6
136.397
135.204
134.022
132.853
131.695
130.551
129.421
128.304
127.203
126.116
125.045
123.989
122.95
121.926
120.919
119.928
118.953
117.994
117.051
116.124
115.212
114.315
113.433
112.565
111.711
110.87
110.041
109.224
108.418
107.622
106.836
106.059
105.289
104.526
103.77
103.018
102.27
101.526
100.783
100.042
99.3006
98.5583
97.814
97.0667
96.3155
95.5594
94.7974
94.0285
93.2519
92.4667
91.6721
90.8671
90.0511
89.2234
88.3831
87.5298
86.6628
85.7815
84.8856
83.9745
83.0479
82.1055
81.1471
80.1724
79.1813
78.1739
77.1501
76.1099
75.0536
73.9813
72.8933
71.7899
70.6715
69.5386
68.3917
67.2312
66.058
64.8725
63.6757
62.4681
61.2506
60.0241
58.7895
57.5477
56.2996
55.0462
53.7885
52.5276
51.2644
50
150
148.758
147.517
146.278
145.042
143.809
142.581
141.358
140.142
138.933
137.733
136.541
135.359
134.187
133.027
131.878
130.742
129.619
128.509
127.413
126.331
125.263
124.211
123.173
122.151
121.144
120.153
119.176
118.215
117.269
116.338
115.421
114.519
113.63
112.755
111.893
111.043
110.205
109.378
108.561
107.755
106.957
106.167
105.385
104.61
103.84
103.075
102.314
101.555
100.799
100.044
99.2882
98.5319
97.7739
97.0129
96.2483
95.479
94.7041
93.9227
93.134
92.3371
91.5313
90.7158
89.8898
89.0526
88.2036
87.3422
86.4679
85.5801
84.6783
83.7623
82.8316
81.8859
80.925
79.9488
78.9571
77.9499
76.9272
75.889
74.8356
73.7671
72.6837
71.5857
70.4736
69.3477
68.2086
67.0568
65.8928
64.7173
63.531
62.3346
61.1289
59.9147
58.6927
57.464
56.2293
54.9896
53.7459
52.499
51.2501
50
150
148.772
147.544
146.318
145.095
143.875
142.66
141.449
140.245
139.048
137.858
136.677
135.505
134.343
133.192
132.051
130.922
129.806
128.702
127.611
126.534
125.47
124.42
123.385
122.364
121.357
120.365
119.388
118.424
117.475
116.54
115.619
114.711
113.816
112.934
112.065
111.207
110.36
109.523
108.697
107.88
107.071
106.27
105.477
104.689
103.907
103.129
102.355
101.583
100.814
100.045
99.2765
98.5071
97.7359
96.9621
96.1847
95.4029
94.6158
93.8225
93.0224
92.2145
91.3981
90.5725
89.737
88.891
88.0337
87.1647
86.2835
85.3895
84.4823
83.5616
82.6269
81.6782
80.715
79.7374
78.7451
77.7381
76.7165
75.6802
74.6295
73.5646
72.4855
71.3928
70.2866
69.1674
68.0357
66.892
65.7368
64.5708
63.3945
62.2086
61.014
59.8113
58.6013
57.3849
56.1629
54.9362
53.7056
52.4721
51.2366
50
150
148.79
147.582
146.374
145.169
143.967
142.77
141.577
140.389
139.208
138.034
136.868
135.71
134.561
133.422
132.293
131.174
130.067
128.972
127.888
126.817
125.759
124.713
123.681
122.661
121.655
120.663
119.683
118.717
117.764
116.823
115.896
114.981
114.077
113.186
112.306
111.436
110.577
109.728
108.887
108.055
107.231
106.415
105.604
104.8
104
103.204
102.412
101.622
100.834
100.047
99.2602
98.4723
97.6828
96.8909
96.0956
95.2963
94.4922
93.6823
92.8661
92.0428
91.2116
90.372
89.5232
88.6647
87.7959
86.9163
86.0254
85.1227
84.2079
83.2807
82.3406
81.3876
80.4213
79.4416
78.4485
77.4419
76.4218
75.3882
74.3414
73.2814
72.2086
71.123
70.0252
68.9154
67.7941
66.6618
65.5189
64.366
63.2037
62.0326
60.8535
59.6669
58.4737
57.2745
56.0702
54.8615
53.6493
52.4345
51.2177
50
150
148.802
147.605
146.409
145.215
144.025
142.838
141.656
140.478
139.307
138.143
136.986
135.837
134.696
133.564
132.443
131.331
130.23
129.139
128.061
126.993
125.938
124.895
123.864
122.846
121.84
120.847
119.867
118.899
117.943
117
116.068
115.148
114.24
113.342
112.456
111.579
110.712
109.855
109.006
108.165
107.331
106.505
105.684
104.869
104.058
103.251
102.448
101.647
100.847
100.049
99.2501
98.4508
97.6499
96.8466
96.0403
95.2301
94.4153
93.5951
92.7689
91.936
91.0956
90.2472
89.3902
88.524
87.648
86.7618
85.8649
84.9568
84.0373
83.106
82.1626
81.2069
80.2387
79.2578
78.2642
77.2578
76.2387
75.2068
74.1624
73.1056
72.0365
70.9555
69.8628
68.7589
67.6441
66.5188
65.3835
64.2388
63.0852
61.9233
60.7538
59.5773
58.3944
57.2059
56.0126
54.8152
53.6144
52.4111
51.206
50
150
148.818
147.637
146.457
145.28
144.105
142.933
141.766
140.603
139.446
138.295
137.151
136.014
134.885
133.764
132.652
131.55
130.457
129.374
128.302
127.24
126.189
125.15
124.121
123.105
122.1
121.106
120.124
119.153
118.194
117.246
116.309
115.383
114.467
113.561
112.666
111.779
110.902
110.033
109.172
108.318
107.471
106.63
105.795
104.965
104.14
103.317
102.498
101.681
100.866
100.051
99.2361
98.4206
97.6038
96.7847
95.9629
95.1374
94.3077
93.4731
92.6329
91.7865
90.9333
90.0727
89.2041
88.327
87.441
86.5456
85.6403
84.7247
83.7987
82.8617
81.9136
80.9542
79.9833
79.0007
78.0064
77.0004
75.9826
74.9531
73.9121
72.8596
71.7959
70.7213
69.6359
68.5401
67.4343
66.3189
65.1943
64.0611
62.9197
61.7706
60.6145
59.452
58.2837
57.1102
55.9322
54.7505
53.5656
52.3785
51.1897
50
150
148.828
147.657
146.488
145.32
144.155
142.993
141.834
140.681
139.533
138.39
137.254
136.124
135.002
133.888
132.783
131.686
130.598
129.52
128.451
127.393
126.345
125.308
124.281
123.266
122.261
121.267
120.284
119.312
118.35
117.399
116.459
115.529
114.608
113.698
112.796
111.904
111.02
110.143
109.275
108.413
107.558
106.709
105.865
105.026
104.19
103.359
102.53
101.703
100.877
100.052
99.2274
98.402
97.5751
96.7463
95.9147
95.0798
94.2409
93.3972
92.5484
91.6936
90.8324
89.9641
89.0884
88.2046
87.3123
86.4111
85.5006
84.5805
83.6503
82.7098
81.7588
80.7971
79.8245
78.8409
77.8462
76.8404
75.8234
74.7955
73.7566
72.7068
71.6465
70.5757
69.4949
68.4042
67.304
66.1948
65.0768
63.9507
62.8168
61.6758
60.528
59.3742
58.2149
57.0507
55.8823
54.7103
53.5353
52.3582
51.1795
50
150
148.838
147.676
146.516
145.358
144.202
143.049
141.899
140.754
139.614
138.479
137.351
136.228
135.113
134.006
132.906
131.814
130.731
129.657
128.593
127.538
126.493
125.457
124.432
123.418
122.413
121.419
120.435
119.461
118.498
117.544
116.601
115.667
114.742
113.827
112.92
112.021
111.131
110.248
109.372
108.503
107.64
106.783
105.931
105.083
104.238
103.398
102.559
101.723
100.888
100.054
99.2193
98.3843
97.5481
96.71
95.8692
95.0253
94.1776
93.3255
92.4684
91.6057
90.7369
89.8615
88.979
88.0888
87.1906
86.284
85.3686
84.444
83.51
82.5662
81.6125
80.6486
79.6744
78.6898
77.6947
76.6891
75.673
74.6464
73.6095
72.5624
71.5052
70.4382
69.3616
68.2757
67.1809
66.0774
64.9658
63.8464
62.7197
61.5861
60.4463
59.3007
58.1499
56.9945
55.8351
54.6723
53.5067
52.339
51.1699
50
150
148.851
147.703
146.556
145.411
144.267
143.127
141.99
140.857
139.728
138.604
137.486
136.374
135.268
134.17
133.078
131.994
130.918
129.85
128.791
127.74
126.699
125.667
124.644
123.63
122.626
121.632
120.647
119.671
118.704
117.747
116.799
115.86
114.929
114.007
113.093
112.186
111.287
110.395
109.509
108.63
107.756
106.887
106.023
105.162
104.306
103.452
102.601
101.751
100.903
100.056
99.2079
98.3597
97.5103
96.6592
95.8056
94.9492
94.0892
93.2252
92.3565
91.4828
90.6034
89.7179
88.8259
87.9268
87.0204
86.1062
85.1839
84.2532
83.3137
82.3653
81.4077
80.4408
79.4644
78.4785
77.4828
76.4775
75.4626
74.438
73.4039
72.3604
71.3076
70.2458
69.1752
68.0961
67.0087
65.9134
64.8105
63.7005
62.5838
61.4608
60.332
59.1979
58.059
56.9159
55.7691
54.6192
53.4667
52.3123
51.1565
50
150
148.86
147.72
146.581
145.443
144.308
143.176
142.046
140.92
139.799
138.682
137.571
136.465
135.365
134.272
133.185
132.106
131.034
129.97
128.914
127.866
126.827
125.797
124.775
123.762
122.759
121.764
120.778
119.801
118.833
117.874
116.923
115.98
115.046
114.119
113.201
112.289
111.384
110.486
109.594
108.708
107.827
106.952
106.08
105.212
104.348
103.486
102.627
101.769
100.913
100.057
99.2009
98.3445
97.4869
96.6276
95.7661
94.9019
94.0343
93.1628
92.287
91.4064
90.5204
89.6287
88.7307
87.8262
86.9146
85.9957
85.0691
84.1345
83.1917
82.2405
81.2805
80.3117
79.334
78.3471
77.3512
76.3461
75.3318
74.3085
73.2761
72.2349
71.1849
70.1263
69.0595
67.9845
66.9017
65.8115
64.7141
63.6099
62.4994
61.383
60.261
59.1341
58.0026
56.8671
55.7281
54.5862
53.4418
52.2956
51.1482
50
150
148.871
147.743
146.615
145.489
144.365
143.244
142.125
141.01
139.898
138.791
137.689
136.591
135.5
134.414
133.335
132.262
131.196
130.137
129.086
128.043
127.007
125.979
124.959
123.948
122.944
121.949
120.962
119.983
119.013
118.05
117.095
116.148
115.209
114.276
113.351
112.433
111.52
110.614
109.714
108.818
107.928
107.042
106.16
105.282
104.407
103.534
102.663
101.794
100.926
100.059
99.1912
98.3232
97.4542
96.5836
95.7109
94.8357
93.9575
93.0757
92.1899
91.2996
90.4044
89.5039
88.5977
87.6854
86.7666
85.8411
84.9085
83.9686
83.0211
82.0658
81.1025
80.1311
79.1515
78.1635
77.167
76.1622
75.149
74.1274
73.0975
72.0594
71.0132
69.9592
68.8975
67.8284
66.7521
65.6689
64.5792
63.4832
62.3814
61.2741
60.1618
59.0448
57.9237
56.7989
55.6708
54.5401
53.4071
52.2724
51.1365
50
150
148.878
147.757
146.637
145.518
144.401
143.286
142.174
141.065
139.96
138.859
137.762
136.67
135.584
134.503
133.428
132.359
131.297
130.242
129.193
128.152
127.118
126.092
125.073
124.063
123.059
122.064
121.077
120.097
119.125
118.16
117.203
116.253
115.31
114.374
113.445
112.522
111.605
110.694
109.788
108.887
107.991
107.098
106.21
105.325
104.443
103.564
102.686
101.81
100.935
100.06
99.1852
98.31
97.4338
96.5562
95.6767
94.7947
93.9098
93.0215
92.1295
91.2332
90.3323
89.4263
88.515
87.5979
86.6747
85.745
84.8088
83.8655
82.9151
81.9573
80.9919
80.0189
79.0381
78.0493
77.0526
76.048
75.0353
74.0148
72.9864
71.9503
70.9066
69.8554
68.7969
67.7314
66.6592
65.5804
64.4954
63.4045
62.3081
61.2065
60.1001
58.9894
57.8747
56.7565
55.6352
54.5114
53.3855
52.258
51.1293
50
150
148.885
147.771
146.657
145.545
144.434
143.326
142.22
141.117
140.018
138.922
137.831
136.745
135.663
134.587
133.516
132.451
131.392
130.34
129.294
128.256
127.224
126.199
125.182
124.171
123.168
122.173
121.185
120.204
119.23
118.264
117.304
116.352
115.406
114.467
113.533
112.606
111.685
110.769
109.858
108.952
108.05
107.152
106.257
105.366
104.478
103.592
102.707
101.824
100.943
100.061
99.1795
98.2976
97.4147
96.5304
95.6443
94.7558
93.8647
92.9703
92.0724
91.1704
90.2641
89.353
88.4368
87.5151
86.5877
85.6542
84.7144
83.768
82.8148
81.8547
80.8874
79.9128
78.9308
77.9414
76.9444
75.9399
74.9279
73.9084
72.8815
71.8472
70.8057
69.7572
68.7018
67.6398
66.5713
65.4967
64.4162
63.3301
62.2388
61.1426
60.0418
58.9369
57.8283
56.7164
55.6016
54.4843
53.3651
52.2443
51.1224
50
150
148.895
147.79
146.686
145.583
144.481
143.382
142.285
141.19
140.099
139.012
137.928
136.849
135.774
134.704
133.639
132.579
131.526
130.478
129.436
128.4
127.371
126.349
125.333
124.324
123.321
122.325
121.336
120.354
119.378
118.409
117.447
116.49
115.54
114.596
113.658
112.725
111.797
110.874
109.956
109.042
108.133
107.226
106.324
105.424
104.526
103.631
102.737
101.845
100.954
100.063
99.1717
98.2802
97.3879
96.4943
95.599
94.7016
93.8016
92.8988
91.9926
91.0827
90.1688
89.2505
88.3275
87.3995
86.4661
85.5272
84.5825
83.6317
82.6747
81.7112
80.7412
79.7644
78.7809
77.7905
76.7931
75.7889
74.7777
73.7596
72.7347
71.703
70.6647
69.6199
68.5688
67.5116
66.4484
65.3796
64.3054
63.226
62.1418
61.0532
59.9603
58.8636
57.7635
56.6604
55.5545
54.4465
53.3365
52.2252
51.1129
50
150
148.901
147.802
146.703
145.606
144.51
143.417
142.325
141.236
140.15
139.067
137.988
136.913
135.843
134.777
133.715
132.659
131.609
130.563
129.524
128.491
127.463
126.442
125.427
124.418
123.416
122.42
121.43
120.447
119.47
118.5
117.535
116.576
115.624
114.676
113.735
112.798
111.867
110.94
110.017
109.099
108.184
107.273
106.365
105.46
104.557
103.656
102.756
101.858
100.961
100.064
99.1669
98.2695
97.3713
96.4719
95.5709
94.6679
93.7625
92.8543
91.943
91.0282
90.1096
89.1868
88.2596
87.3276
86.3906
85.4483
84.5005
83.547
82.5875
81.622
80.6503
79.6722
78.6877
77.6967
76.6991
75.695
74.6843
73.6671
72.6434
71.6134
70.5771
69.5346
68.4862
67.4319
66.3721
65.3069
64.2366
63.1614
62.0816
60.9976
59.9097
58.8181
57.7233
56.6255
55.5253
54.4229
53.3188
52.2133
51.1069
50
150
148.909
147.818
146.728
145.639
144.551
143.465
142.381
141.3
140.221
139.145
138.073
137.004
135.939
134.879
133.822
132.771
131.725
130.683
129.647
128.617
127.591
126.572
125.558
124.551
123.549
122.552
121.562
120.578
119.599
118.626
117.659
116.697
115.74
114.789
113.843
112.901
111.964
111.031
110.103
109.178
108.256
107.338
106.423
105.51
104.599
103.69
102.783
101.876
100.971
100.065
99.1602
98.2546
97.3482
96.4407
95.5317
94.6209
93.7078
92.7922
91.8737
90.952
90.0268
89.0978
88.1646
87.2271
86.2849
85.3379
84.3859
83.4285
82.4657
81.4973
80.5232
79.5433
78.5574
77.5655
76.5677
75.5637
74.5538
73.5378
72.5159
71.4881
70.4545
69.4153
68.3706
67.3205
66.2653
65.2052
64.1403
63.071
61.9974
60.9199
59.8388
58.7544
57.667
56.5769
55.4844
54.39
53.294
52.1968
51.0986
50
150
148.914
147.829
146.744
145.659
144.577
143.495
142.416
141.339
140.265
139.193
138.125
137.06
135.999
134.942
133.889
132.841
131.797
130.758
129.724
128.695
127.671
126.653
125.64
124.633
123.631
122.635
121.644
120.659
119.679
118.705
117.736
116.772
115.813
114.859
113.91
112.965
112.025
111.088
110.156
109.227
108.301
107.378
106.458
105.541
104.625
103.711
102.799
101.888
100.977
100.066
99.1561
98.2453
97.3338
96.4213
95.5073
94.5916
93.6738
92.7536
91.8307
90.9047
89.9754
89.0424
88.1056
87.1647
86.2193
85.2694
84.3146
83.3549
82.39
81.4199
80.4443
79.4631
78.4764
77.484
76.486
75.4822
74.4726
73.4574
72.4366
71.4102
70.3784
69.3412
68.2988
67.2513
66.199
65.142
64.0805
63.0148
61.9451
60.8717
59.7948
58.7148
57.632
56.5466
55.459
54.3696
53.2786
52.1865
51.0935
50
150
148.919
147.838
146.758
145.679
144.601
143.524
142.449
141.377
140.306
139.239
138.175
137.113
136.056
135.002
133.952
132.906
131.865
130.828
129.796
128.769
127.747
126.73
125.718
124.711
123.709
122.713
121.722
120.736
119.755
118.779
117.809
116.843
115.882
114.925
113.973
113.026
112.082
111.142
110.206
109.273
108.344
107.417
106.492
105.57
104.65
103.732
102.815
101.898
100.983
100.067
99.1522
98.2366
97.3203
96.403
95.4844
94.564
93.6418
92.7172
91.79
90.86
89.9268
88.9902
88.0499
87.1056
86.1573
85.2046
84.2473
83.2853
82.3185
81.3466
80.3696
79.3874
78.3999
77.407
76.4087
75.405
74.3959
73.3815
72.3617
71.3366
70.3064
69.2711
68.2309
67.1859
66.1363
65.0822
64.0239
62.9617
61.8956
60.826
59.7532
58.6774
57.5989
56.518
55.435
54.3503
53.264
52.1767
51.0886
50
150
148.926
147.852
146.778
145.706
144.634
143.564
142.496
141.429
140.365
139.303
138.244
137.188
136.135
135.086
134.04
132.998
131.96
130.927
129.898
128.873
127.852
126.837
125.826
124.82
123.818
122.822
121.83
120.843
119.861
118.883
117.911
116.942
115.978
115.018
114.062
113.111
112.163
111.218
110.277
109.339
108.403
107.47
106.54
105.612
104.685
103.76
102.836
101.913
100.991
100.069
99.1469
98.2245
97.3014
96.3775
95.4522
94.5255
93.5969
92.6662
91.7332
90.7975
89.8588
88.9171
87.9719
87.0231
86.0705
85.1139
84.1532
83.188
82.2184
81.2442
80.2652
79.2815
78.2928
77.2993
76.3007
75.2972
74.2887
73.2752
72.2569
71.2337
70.2057
69.1731
68.1359
67.0944
66.0485
64.9986
63.9449
62.8874
61.8264
60.7622
59.695
58.6251
57.5526
56.478
55.4014
54.3232
53.2437
52.1631
51.0818
50
150
148.93
147.86
146.791
145.723
144.655
143.589
142.524
141.462
140.401
139.343
138.287
137.234
136.184
135.138
134.095
133.055
132.02
130.988
129.961
128.937
127.918
126.903
125.893
124.887
123.886
122.89
121.898
120.91
119.927
118.948
117.974
117.004
116.038
115.076
114.118
113.163
112.212
111.265
110.321
109.379
108.44
107.504
106.57
105.638
104.707
103.778
102.85
101.923
100.996
100.07
99.1436
98.217
97.2897
96.3616
95.4323
94.5016
93.5691
92.6346
91.6979
90.7586
89.8166
88.8717
87.9235
86.9719
86.0167
85.0576
84.0947
83.1276
82.1563
81.1806
80.2004
79.2157
78.2263
77.2323
76.2336
75.2302
74.2221
73.2092
72.1918
71.1697
70.1432
69.1122
68.0769
67.0375
65.994
64.9467
63.8957
62.8412
61.7834
60.7226
59.6589
58.5926
57.5239
56.4532
55.3806
54.3064
53.231
52.1546
51.0775
50
150
148.936
147.872
146.809
145.746
144.684
143.624
142.565
141.507
140.452
139.398
138.347
137.299
136.253
135.211
134.171
133.135
132.103
131.074
130.049
129.027
128.01
126.997
125.987
124.982
123.981
122.985
121.992
121.003
120.019
119.039
118.063
117.09
116.122
115.157
114.195
113.237
112.282
111.331
110.382
109.436
108.492
107.551
106.611
105.674
104.738
103.803
102.869
101.936
101.004
100.071
99.1391
98.2065
97.2734
96.3395
95.4045
94.4682
93.5302
92.5904
91.6486
90.7044
89.7577
88.8082
87.8558
86.9002
85.9413
84.9789
84.0129
83.0431
82.0693
81.0916
80.1097
79.1237
78.1333
77.1387
76.1398
75.1365
74.1289
73.1169
72.1007
71.0803
70.0557
69.027
67.9944
66.958
65.9178
64.8741
63.827
62.7767
61.7233
60.6671
59.6083
58.5471
57.4837
56.4184
55.3514
54.2829
53.2133
52.1428
51.0716
50
150
148.94
147.88
146.82
145.761
144.702
143.645
142.59
141.535
140.483
139.433
138.385
137.339
136.296
135.256
134.219
133.185
132.154
131.127
130.104
129.083
128.067
127.055
126.046
125.041
124.04
123.044
122.051
121.062
120.077
119.095
118.118
117.144
116.174
115.207
114.243
113.283
112.326
111.372
110.42
109.471
108.524
107.58
106.637
105.696
104.757
103.818
102.881
101.944
101.008
100.072
99.1363
98.2001
97.2633
96.3258
95.3872
94.4474
93.5061
92.563
91.6179
90.6707
89.721
88.7688
87.8137
86.8557
85.8945
84.93
83.9621
82.9906
82.0154
81.0363
80.0534
79.0665
78.0756
77.0806
76.0815
75.0783
74.071
73.0596
72.0441
71.0247
70.0013
68.9741
67.9432
66.9086
65.8705
64.829
63.7843
62.7366
61.686
60.6327
59.5769
58.5189
57.4587
56.3968
55.3333
54.2683
53.2023
52.1354
51.0679
50
150
148.943
147.887
146.83
145.774
144.72
143.666
142.613
141.562
140.513
139.466
138.42
137.377
136.337
135.299
134.264
133.232
132.203
131.178
130.155
129.137
128.121
127.109
126.101
125.097
124.096
123.099
122.106
121.117
120.131
119.149
118.17
117.195
116.223
115.254
114.289
113.327
112.367
111.41
110.456
109.504
108.555
107.607
106.662
105.717
104.775
103.833
102.892
101.952
101.013
100.073
99.1337
98.194
97.2538
96.3129
95.371
94.4278
93.4833
92.5371
91.589
90.6389
89.6864
88.7316
87.774
86.8137
85.8503
84.8838
83.9141
82.941
81.9643
80.9841
80.0001
79.0125
78.021
77.0256
76.0264
75.0232
74.0162
73.0054
71.9907
70.9722
69.95
68.9241
67.8947
66.8619
65.8257
64.7864
63.744
62.6987
61.6507
60.6001
59.5472
58.4922
57.4351
56.3764
55.3161
54.2546
53.1919
52.1285
51.0644
50
150
148.948
147.896
146.845
145.794
144.744
143.694
142.646
141.6
140.555
139.511
138.47
137.431
136.394
135.359
134.327
133.298
132.272
131.248
130.228
129.211
128.197
127.186
126.179
125.175
124.175
123.178
122.184
121.194
120.207
119.223
118.243
117.266
116.292
115.321
114.353
113.387
112.425
111.465
110.507
109.551
108.598
107.646
106.696
105.747
104.8
103.854
102.908
101.963
101.019
100.074
99.1301
98.1856
97.2405
96.2948
95.3482
94.4005
93.4515
92.5009
91.5486
90.5944
89.6381
88.6795
87.7185
86.7549
85.7885
84.8192
83.847
82.8716
81.893
80.911
79.9257
78.9369
77.9446
76.9487
75.9493
74.9463
73.9397
72.9296
71.9159
70.8987
69.8781
68.8542
67.8269
66.7966
65.7631
64.7267
63.6875
62.6457
61.6013
60.5546
59.5057
58.4548
57.4021
56.3478
55.2921
54.2353
53.1774
52.1187
51.0595
50
150
148.951
147.902
146.854
145.806
144.759
143.712
142.667
141.623
140.581
139.54
138.501
137.464
136.429
135.396
134.366
133.339
132.314
131.292
130.273
129.257
128.244
127.234
126.227
125.224
124.223
123.226
122.232
121.241
120.254
119.27
118.288
117.31
116.335
115.362
114.392
113.425
112.461
111.498
110.538
109.58
108.624
107.67
106.717
105.766
104.816
103.866
102.918
101.97
101.023
100.075
99.1279
98.1803
97.2323
96.2837
95.3341
94.3835
93.4317
92.4784
91.5235
90.5668
89.6081
88.6472
87.684
86.7183
85.7501
84.7791
83.8053
82.8285
81.8486
80.8657
79.8794
78.89
77.8972
76.901
75.9014
74.8985
73.8922
72.8825
71.8694
70.8531
69.8335
68.8107
67.7848
66.756
65.7242
64.6897
63.6524
62.6127
61.5706
60.5263
59.4799
58.4316
57.3816
56.3301
55.2773
54.2233
53.1684
52.1127
51.0565
50
150
148.955
147.911
146.866
145.823
144.779
143.737
142.696
141.656
140.617
139.58
138.544
137.51
136.478
135.449
134.421
133.396
132.374
131.354
130.336
129.322
128.31
127.301
126.295
125.291
124.291
123.294
122.3
121.309
120.32
119.335
118.352
117.372
116.395
115.42
114.448
113.478
112.511
111.546
110.582
109.621
108.662
107.704
106.747
105.792
104.838
103.884
102.932
101.98
101.028
100.076
99.1249
98.1731
97.2209
96.2681
95.3145
94.3599
93.4041
92.447
91.4885
90.5282
89.5661
88.602
87.6358
86.6673
85.6964
84.723
83.747
82.7683
81.7867
80.8022
79.8148
78.8243
77.8308
76.8342
75.8345
74.8317
73.8257
72.8166
71.8044
70.7892
69.7711
68.7499
67.726
66.6992
65.6698
64.6378
63.6034
62.5667
61.5277
60.4867
59.4438
58.3992
57.3529
56.3053
55.2564
54.2065
53.1557
52.1042
51.0523
50
150
148.958
147.916
146.874
145.833
144.792
143.753
142.714
141.676
140.639
139.604
138.571
137.539
136.509
135.481
134.455
133.432
132.411
131.392
130.375
129.362
128.351
127.342
126.337
125.334
124.334
123.336
122.342
121.35
120.361
119.375
118.391
117.411
116.432
115.456
114.483
113.511
112.542
111.575
110.61
109.647
108.685
107.725
106.766
105.808
104.851
103.896
102.94
101.986
101.031
100.077
99.1231
98.1686
97.2138
96.2584
95.3023
94.3452
93.387
92.4276
91.4667
90.5042
89.54
88.574
87.6059
86.6356
85.6631
84.6882
83.7108
82.7308
81.7482
80.7628
79.7746
78.7836
77.7896
76.7928
75.7929
74.7901
73.7844
72.7757
71.7641
70.7496
69.7323
68.7122
67.6894
66.664
65.636
64.6056
63.5729
62.538
61.501
60.4621
59.4214
58.379
57.3351
56.2899
55.2435
54.1961
53.1479
52.099
51.0496
50
150
148.96
147.921
146.882
145.843
144.805
143.767
142.731
141.695
140.661
139.628
138.596
137.566
136.538
135.512
134.488
133.465
132.446
131.428
130.413
129.4
128.389
127.382
126.376
125.374
124.374
123.376
122.382
121.39
120.4
119.413
118.429
117.447
116.467
115.49
114.515
113.543
112.572
111.603
110.636
109.671
108.707
107.744
106.783
105.823
104.864
103.906
102.949
101.992
101.035
100.078
99.1214
98.1644
97.2072
96.2493
95.2908
94.3313
93.3709
92.4092
91.4462
90.4816
89.5154
88.5475
87.5776
86.6057
85.6316
84.6553
83.6766
82.6955
81.7118
80.7256
79.7367
78.7451
77.7507
76.7536
75.7536
74.7509
73.7453
72.737
71.7259
70.7121
69.6956
68.6765
67.6548
66.6307
65.6041
64.5752
63.5441
62.511
61.4759
60.4389
59.4002
58.3599
57.3183
56.2753
55.2313
54.1862
53.1405
52.094
51.0472
50
150
148.964
147.928
146.892
145.857
144.822
143.788
142.754
141.722
140.691
139.66
138.632
137.604
136.579
135.555
134.533
133.513
132.494
131.478
130.465
129.453
128.444
127.437
126.432
125.43
124.43
123.432
122.437
121.445
120.455
119.467
118.481
117.498
116.517
115.538
114.561
113.586
112.613
111.642
110.672
109.704
108.738
107.772
106.808
105.845
104.883
103.921
102.96
102
101.039
100.079
99.119
98.1586
97.1979
96.2366
95.2747
94.312
93.3483
92.3835
91.4175
90.45
89.4811
88.5105
87.5381
86.5638
85.5876
84.6093
83.6288
82.6461
81.661
80.6735
79.6836
78.6912
77.6963
76.6988
75.6987
74.696
73.6908
72.683
71.6726
70.6597
69.6444
68.6266
67.6065
66.5841
65.5594
64.5327
63.5039
62.4732
61.4406
60.4064
59.3706
58.3333
57.2947
56.2549
55.2142
54.1725
53.1301
52.0871
51.0437
50
150
148.966
147.932
146.899
145.865
144.833
143.801
142.769
141.739
140.709
139.681
138.654
137.628
136.604
135.582
134.561
133.542
132.525
131.51
130.497
129.486
128.477
127.471
126.466
125.464
124.465
123.467
122.472
121.479
120.489
119.5
118.514
117.53
116.548
115.568
114.59
113.613
112.639
111.666
110.695
109.725
108.757
107.79
106.823
105.858
104.894
103.93
102.967
102.005
101.042
100.08
99.1176
98.155
97.1922
96.2288
95.2648
94.3
93.3343
92.3676
91.3997
90.4304
89.4597
88.4875
87.5136
86.5379
85.5603
84.5807
83.5991
82.6154
81.6294
80.6412
79.6506
78.6577
77.6624
76.6647
75.6645
74.6619
73.6569
72.6494
71.6395
70.6272
69.6125
68.5956
67.5764
66.5551
65.5317
64.5062
63.4789
62.4497
61.4187
60.3862
59.3522
58.3167
57.2801
56.2423
55.2035
54.1639
53.1236
52.0828
51.0415
50
150
148.969
147.938
146.908
145.878
144.848
143.818
142.79
141.762
140.735
139.709
138.685
137.661
136.64
135.619
134.6
133.583
132.568
131.554
130.542
129.532
128.524
127.519
126.515
125.513
124.513
123.516
122.521
121.527
120.536
119.547
118.559
117.574
116.591
115.609
114.63
113.651
112.675
111.7
110.727
109.755
108.784
107.814
106.845
105.877
104.91
103.943
102.977
102.012
101.046
100.081
99.1156
98.1501
97.1842
96.2178
95.2509
94.2833
93.3148
92.3453
91.3748
90.403
89.4299
88.4554
87.4793
86.5015
85.5221
84.5408
83.5576
82.5725
81.5853
80.596
79.6046
78.611
77.6152
76.6171
75.6168
74.6143
73.6095
72.6024
71.5931
70.5817
69.568
68.5523
67.5345
66.5146
65.4929
64.4693
63.4439
62.4168
61.3881
60.358
59.3264
58.2936
57.2596
56.2246
55.1887
54.152
53.1146
52.0767
51.0385
50
150
148.971
147.942
146.913
145.885
144.857
143.829
142.803
141.776
140.751
139.727
138.704
137.682
136.662
135.642
134.625
133.609
132.594
131.581
130.57
129.561
128.554
127.548
126.545
125.543
124.544
123.546
122.551
121.557
120.565
119.576
118.588
117.602
116.618
115.635
114.654
113.675
112.697
111.721
110.746
109.773
108.8
107.829
106.859
105.889
104.92
103.952
102.984
102.016
101.049
100.082
99.1144
98.147
97.1793
96.2111
95.2423
94.2729
93.3027
92.3316
91.3594
90.386
89.4114
88.4354
87.458
86.479
85.4984
84.516
83.5319
82.5458
81.5579
80.5679
79.576
78.5819
77.5858
76.5876
75.5872
74.5847
73.58
72.5732
71.5644
70.5534
69.5404
68.5254
67.5084
66.4895
65.4688
64.4463
63.4222
62.3964
61.3691
60.3404
59.3104
58.2792
57.2469
56.2136
55.1794
54.1445
53.109
52.073
51.0366
50
150
148.973
147.946
146.919
145.892
144.866
143.84
142.815
141.79
140.767
139.744
138.722
137.702
136.682
135.664
134.648
133.633
132.619
131.607
130.597
129.588
128.582
127.577
126.573
125.572
124.573
123.575
122.579
121.585
120.593
119.603
118.615
117.628
116.643
115.66
114.678
113.698
112.719
111.741
110.765
109.79
108.816
107.843
106.871
105.9
104.929
103.959
102.99
102.02
101.051
100.082
99.1134
98.1441
97.1746
96.2047
95.2342
94.2631
93.2913
92.3185
91.3448
90.37
89.3939
88.4166
87.4379
86.4577
85.476
84.4926
83.5075
82.5207
81.532
80.5414
79.5489
78.5545
77.5581
76.5596
75.5592
74.5567
73.5522
72.5457
71.5372
70.5267
69.5142
68.4999
67.4837
66.4657
65.446
64.4246
63.4016
62.3771
61.3511
60.3239
59.2953
58.2656
57.2349
56.2032
55.1707
54.1375
53.1037
52.0695
51.0348
50
150
148.975
147.951
146.926
145.902
144.878
143.855
142.832
141.809
140.788
139.767
138.748
137.729
136.711
135.695
134.68
133.666
132.654
131.643
130.634
129.626
128.62
127.616
126.613
125.612
124.613
123.615
122.619
121.625
120.632
119.642
118.652
117.665
116.679
115.694
114.711
113.729
112.749
111.769
110.791
109.814
108.838
107.863
106.889
105.916
104.943
103.97
102.998
102.026
101.055
100.083
99.1119
98.1402
97.1682
96.1958
95.223
94.2495
93.2753
92.3004
91.3245
90.3476
89.3695
88.3903
87.4098
86.428
85.4447
84.4599
83.4735
82.4855
81.4958
80.5044
79.5111
78.5161
77.5193
76.5206
75.52
74.5176
73.5133
72.5072
71.4991
70.4893
69.4777
68.4643
67.4493
66.4325
65.4142
64.3943
63.3729
62.3501
61.326
60.3007
59.2742
58.2466
57.2181
56.1887
55.1585
54.1277
53.0963
52.0645
51.0324
50
150
148.977
147.954
146.931
145.908
144.886
143.864
142.842
141.821
140.801
139.782
138.763
137.746
136.73
135.714
134.7
133.687
132.676
131.666
130.657
129.65
128.645
127.641
126.638
125.637
124.638
123.64
122.644
121.65
120.657
119.665
118.676
117.687
116.701
115.715
114.731
113.749
112.767
111.787
110.808
109.829
108.852
107.876
106.9
105.925
104.951
103.977
103.003
102.03
101.057
100.084
99.111
98.1377
97.1642
96.1903
95.216
94.2411
93.2655
92.2891
91.3119
90.3337
89.3544
88.374
87.3924
86.4095
85.4253
84.4396
83.4524
82.4636
81.4733
80.4813
79.4877
78.4923
77.4952
76.4964
75.4957
74.4933
73.4892
72.4832
71.4755
70.4661
69.455
68.4423
67.4279
66.4119
65.3944
64.3754
63.3551
62.3334
61.3104
60.2863
59.261
58.2348
57.2076
56.1797
55.1509
54.1216
53.0917
52.0614
51.0308
50
150
148.979
147.958
146.937
145.917
144.897
143.877
142.857
141.838
140.82
139.802
138.786
137.77
136.755
135.741
134.728
133.717
132.707
131.698
130.69
129.683
128.678
127.675
126.673
125.672
124.673
123.675
122.679
121.684
120.691
119.699
118.708
117.719
116.732
115.745
114.76
113.776
112.793
111.811
110.83
109.851
108.872
107.893
106.916
105.939
104.963
103.987
103.011
102.035
101.06
100.085
99.1098
98.1344
97.1587
96.1827
95.2063
94.2293
93.2517
92.2734
91.2943
90.3142
89.3333
88.3512
87.3681
86.3837
85.3981
84.4112
83.4229
82.4331
81.4419
80.4492
79.4549
78.459
77.4616
76.4625
75.4617
74.4594
73.4554
72.4498
71.4425
70.4337
69.4233
68.4114
67.3979
66.383
65.3667
64.3491
63.3301
62.3099
61.2886
60.2662
59.2427
58.2183
57.1931
56.167
55.1404
54.1131
53.0853
52.0571
51.0287
50
150
148.98
147.961
146.941
145.922
144.903
143.885
142.866
141.849
140.832
139.815
138.799
137.785
136.771
135.758
134.746
133.735
132.726
131.717
130.71
129.704
128.699
127.696
126.694
125.694
124.695
123.697
122.701
121.706
120.712
119.72
118.729
117.739
116.751
115.764
114.778
113.793
112.809
111.826
110.845
109.864
108.884
107.904
106.926
105.947
104.97
103.992
103.016
102.039
101.062
100.086
99.109
98.1323
97.1553
96.178
95.2002
94.222
93.2432
92.2636
91.2833
90.3022
89.3202
88.3371
87.353
86.3677
85.3813
84.3936
83.4046
82.4142
81.4224
80.4292
79.4345
78.4384
77.4407
76.4414
75.4406
74.4383
73.4344
72.429
71.422
70.4136
69.4036
68.3922
67.3793
66.3651
65.3496
64.3327
63.3146
62.2954
61.275
60.2537
59.2313
58.2081
57.184
56.1592
55.1338
54.1078
53.0813
52.0545
51.0273
50
150
148.982
147.964
146.945
145.927
144.91
143.892
142.875
141.858
140.842
139.827
138.813
137.799
136.786
135.774
134.763
133.753
132.744
131.736
130.729
129.724
128.719
127.716
126.715
125.714
124.715
123.718
122.721
121.726
120.732
119.739
118.748
117.758
116.769
115.781
114.795
113.809
112.825
111.841
110.858
109.876
108.895
107.915
106.935
105.955
104.977
103.998
103.02
102.042
101.064
100.086
99.1084
98.1304
97.1521
96.1735
95.1946
94.2151
93.2351
92.2544
91.273
90.2909
89.3078
88.3238
87.3387
86.3526
85.3654
84.3769
83.3873
82.3963
81.404
80.4104
79.4153
78.4188
77.4209
76.4215
75.4207
74.4184
73.4146
72.4094
71.4027
70.3945
69.385
68.3741
67.3618
66.3482
65.3333
64.3173
63.3
62.2816
61.2622
60.2418
59.2205
58.1984
57.1754
56.1518
55.1276
54.1028
53.0775
52.0519
51.0261
50
150
148.984
147.967
146.951
145.934
144.918
143.903
142.887
141.872
140.858
139.844
138.831
137.818
136.807
135.796
134.786
133.777
132.769
131.762
130.756
129.751
128.747
127.745
126.743
125.743
124.744
123.746
122.75
121.754
120.76
119.767
118.775
117.784
116.795
115.806
114.818
113.832
112.846
111.861
110.877
109.894
108.911
107.929
106.948
105.967
104.986
104.006
103.026
102.046
101.067
100.087
99.1075
98.1277
97.1477
96.1674
95.1867
94.2056
93.2239
92.2416
91.2587
90.275
89.2905
88.3051
87.3188
86.3315
85.3432
84.3537
83.3631
82.3713
81.3783
80.384
79.3884
78.3915
77.3933
76.3938
75.3928
74.3906
73.3869
72.3819
71.3756
70.3679
69.359
68.3487
67.3372
66.3245
65.3106
64.2956
63.2796
62.2624
61.2443
60.2253
59.2055
58.1848
57.1635
56.1414
55.1189
54.0958
53.0723
52.0484
51.0243
50
150
148.985
147.969
146.954
145.939
144.924
143.909
142.895
141.881
140.867
139.854
138.842
137.831
136.82
135.81
134.8
133.792
132.784
131.778
130.772
129.768
128.765
127.762
126.761
125.761
124.762
123.764
122.768
121.772
120.778
119.784
118.792
117.801
116.811
115.821
114.833
113.846
112.859
111.874
110.889
109.905
108.921
107.938
106.956
105.974
104.992
104.011
103.03
102.049
101.068
100.088
99.107
98.1261
97.145
96.1636
95.1818
94.1996
93.2169
92.2337
91.2498
90.2652
89.2798
88.2936
87.3065
86.3184
85.3294
84.3393
83.3481
82.3558
81.3623
80.3676
79.3717
78.3746
77.3762
76.3765
75.3755
74.3733
73.3697
72.3649
71.3588
70.3514
69.3428
68.333
67.322
66.3098
65.2966
64.2822
63.2668
62.2505
61.2332
60.2151
59.1961
58.1764
57.156
56.135
55.1135
54.0914
53.069
52.0462
51.0232
50
150
148.986
147.972
146.959
145.945
144.932
143.918
142.905
141.893
140.881
139.869
138.858
137.848
136.838
135.829
134.82
133.813
132.806
131.801
130.796
129.792
128.789
127.787
126.786
125.786
124.787
123.789
122.793
121.797
120.802
119.808
118.816
117.824
116.833
115.843
114.854
113.866
112.878
111.891
110.905
109.92
108.935
107.951
106.967
105.984
105.001
104.018
103.035
102.053
101.071
100.089
99.1063
98.1238
97.1412
96.1583
95.175
94.1914
93.2073
92.2226
91.2374
90.2515
89.2648
88.2774
87.2892
86.3001
85.3101
84.3191
83.3271
82.3341
81.34
80.3448
79.3484
78.3509
77.3523
76.3524
75.3514
74.3491
73.3457
72.3411
71.3353
70.3283
69.3202
68.311
67.3007
66.2893
65.2769
64.2635
63.2491
62.2338
61.2177
60.2007
59.183
58.1647
57.1456
56.126
55.1059
54.0854
53.0644
52.0432
51.0217
50
150
148.987
147.974
146.962
145.949
144.936
143.924
142.912
141.9
140.889
139.878
138.868
137.858
136.849
135.841
134.833
133.826
132.82
131.815
130.81
129.807
128.804
127.802
126.802
125.802
124.803
123.805
122.808
121.812
120.817
119.823
118.83
117.838
116.847
115.856
114.867
113.878
112.89
111.902
110.916
109.929
108.944
107.959
106.974
105.99
105.006
104.022
103.039
102.056
101.072
100.089
99.1059
98.1225
97.1389
96.155
95.1708
94.1863
93.2013
92.2158
91.2297
90.243
89.2556
88.2674
87.2785
86.2888
85.2982
84.3066
83.3141
82.3207
81.3262
80.3306
79.334
78.3362
77.3374
76.3374
75.3364
74.3341
73.3308
72.3263
71.3207
70.314
69.3062
68.2973
67.2874
66.2765
65.2646
64.2518
63.2381
62.2235
61.208
60.1918
59.1749
58.1574
57.1392
56.1204
55.1012
54.0816
53.0616
52.0413
51.0207
50
150
148.988
147.976
146.964
145.953
144.941
143.929
142.918
141.907
140.897
139.887
138.877
137.868
136.86
135.852
134.845
133.839
132.833
131.828
130.824
129.821
128.818
127.817
126.816
125.817
124.818
123.82
122.823
121.827
120.832
119.837
118.844
117.852
116.86
115.869
114.879
113.889
112.901
111.913
110.925
109.938
108.952
107.966
106.981
105.996
105.011
104.027
103.042
102.058
101.074
100.09
99.1055
98.1212
97.1367
96.1519
95.1669
94.1815
93.1956
92.2093
91.2224
90.2349
89.2468
88.258
87.2684
86.2781
85.2869
84.2948
83.3019
82.308
81.3131
80.3172
79.3203
78.3224
77.3234
76.3233
75.3222
74.32
73.3167
72.3123
71.3069
70.3005
69.293
68.2844
67.2749
66.2645
65.2531
64.2408
63.2276
62.2137
61.1989
60.1834
59.1673
58.1505
57.1331
56.1152
55.0968
54.078
53.0589
52.0395
51.0198
50
150
148.989
147.979
146.968
145.958
144.947
143.937
142.927
141.917
140.908
139.899
138.89
137.882
136.875
135.868
134.862
133.856
132.851
131.847
130.843
129.84
128.838
127.837
126.837
125.837
124.839
123.841
122.844
121.847
120.852
119.857
118.864
117.871
116.878
115.887
114.896
113.906
112.916
111.927
110.939
109.951
108.964
107.977
106.99
106.004
105.018
104.032
103.047
102.061
101.076
100.091
99.105
98.1194
97.1337
96.1477
95.1614
94.1748
93.1878
92.2003
91.2123
90.2238
89.2346
88.2448
87.2544
86.2631
85.2712
84.2784
83.2847
82.2902
81.2948
80.2985
79.3012
78.303
77.3038
76.3036
75.3024
74.3002
73.297
72.2928
71.2877
70.2815
69.2744
68.2664
67.2575
66.2476
65.2369
64.2254
63.2131
62.2
61.1862
60.1717
59.1565
58.1408
57.1246
56.1078
55.0906
54.073
53.0551
52.037
51.0186
50
150
148.99
147.98
146.971
145.961
144.951
143.942
142.932
141.923
140.915
139.906
138.899
137.891
136.884
135.878
134.872
133.867
132.862
131.858
130.855
129.853
128.851
127.85
126.85
125.85
124.851
123.854
122.856
121.86
120.865
119.87
118.876
117.882
116.89
115.898
114.907
113.916
112.926
111.936
110.948
109.959
108.971
107.983
106.996
106.009
105.023
104.036
103.05
102.063
101.077
100.091
99.1048
98.1184
97.1318
96.1451
95.158
94.1706
93.1829
92.1947
91.206
90.2168
89.2271
88.2367
87.2456
86.2539
85.2614
84.2682
83.2741
82.2792
81.2835
80.2869
79.2894
78.2909
77.2916
76.2913
75.2901
74.2879
73.2848
72.2807
71.2757
70.2698
69.263
68.2552
67.2466
66.2372
65.2269
64.2159
63.204
62.1915
61.1783
60.1644
59.1499
58.1348
57.1193
56.1032
55.0868
54.0699
53.0528
52.0354
51.0178
50
150
148.991
147.983
146.974
145.965
144.957
143.948
142.94
141.932
140.924
139.917
138.91
137.903
136.897
135.892
134.887
133.882
132.878
131.875
130.872
129.87
128.868
127.868
126.868
125.868
124.87
123.872
122.874
121.878
120.882
119.887
118.893
117.899
116.906
115.913
114.921
113.93
112.939
111.949
110.959
109.97
108.981
107.993
107.004
106.016
105.029
104.041
103.054
102.066
101.079
100.092
99.1044
98.1169
97.1293
96.1414
95.1533
94.1649
93.1761
92.1869
91.1973
90.2072
89.2165
88.2253
87.2334
86.241
85.2478
84.2539
83.2593
82.2639
81.2677
80.2707
79.2728
78.2741
77.2746
76.2742
75.2729
74.2707
73.2677
72.2638
71.259
70.2534
69.2469
68.2396
67.2315
66.2226
65.2129
64.2025
63.1914
62.1796
61.1672
60.1542
59.1406
58.1265
57.1119
56.0968
55.0814
54.0656
53.0495
52.0332
51.0167
50
150
148.992
147.984
146.976
145.968
144.96
143.952
142.945
141.937
140.93
139.924
138.917
137.911
136.905
135.9
134.896
133.891
132.888
131.885
130.882
129.88
128.879
127.879
126.879
125.879
124.881
123.883
122.886
121.889
120.893
119.898
118.903
117.909
116.916
115.923
114.931
113.939
112.948
111.957
110.967
109.977
108.988
107.998
107.01
106.021
105.033
104.044
103.056
102.068
101.08
100.092
99.1042
98.1161
97.1277
96.1392
95.1504
94.1614
93.1719
92.1821
91.1919
90.2012
89.21
88.2182
87.2259
86.2329
85.2393
84.245
83.2501
82.2543
81.2579
80.2606
79.2626
78.2637
77.2641
76.2636
75.2622
74.2601
73.2571
72.2533
71.2486
70.2432
69.2369
68.2299
67.2221
66.2135
65.2042
64.1942
63.1836
62.1722
61.1603
60.1478
59.1348
58.1213
57.1073
56.0929
55.0781
54.0629
53.0475
52.0319
51.016
50
150
148.993
147.985
146.978
145.971
144.963
143.956
142.949
141.943
140.936
139.93
138.924
137.918
136.913
135.908
134.904
133.9
132.897
131.894
130.892
129.89
128.889
127.889
126.889
125.89
124.891
123.894
122.896
121.9
120.904
119.908
118.913
117.919
116.925
115.932
114.94
113.947
112.956
111.965
110.974
109.984
108.994
108.004
107.014
106.025
105.036
104.047
103.059
102.07
101.081
100.093
99.1041
98.1153
97.1263
96.1371
95.1477
94.158
93.168
92.1776
91.1868
90.1956
89.2038
88.2116
87.2188
86.2254
85.2314
84.2367
83.2414
82.2453
81.2486
80.2511
79.2529
78.2539
77.2541
76.2535
75.2522
74.25
73.2471
72.2434
71.2389
70.2336
69.2275
68.2207
67.2132
66.2049
65.196
64.1864
63.1761
62.1653
61.1538
60.1419
59.1293
58.1164
57.1029
56.0891
55.0749
54.0604
53.0456
52.0306
51.0154
50
150
148.994
147.987
146.981
145.974
144.968
143.962
142.956
141.95
140.944
139.938
138.933
137.928
136.924
135.92
134.916
133.913
132.91
131.908
130.906
129.905
128.904
127.904
126.904
125.905
124.906
123.908
122.911
121.914
120.918
119.922
118.927
117.933
116.939
115.945
114.952
113.959
112.967
111.975
110.984
109.993
109.002
108.012
107.021
106.031
105.041
104.052
103.062
102.073
101.083
100.094
99.1039
98.1142
97.1243
96.1342
95.1439
94.1534
93.1625
92.1713
91.1797
90.1877
89.1953
88.2023
87.2088
86.2148
85.2202
84.2251
83.2292
82.2328
81.2357
80.2379
79.2393
78.2401
77.2402
76.2395
75.2381
74.236
73.2331
72.2295
71.2252
70.2201
69.2144
68.2079
67.2008
66.193
65.1845
64.1755
63.1658
62.1556
61.1448
60.1335
59.1217
58.1095
57.0969
56.0839
55.0705
54.0569
53.0429
52.0288
51.0145
50
150
148.994
147.988
146.982
145.977
144.971
143.965
142.959
141.954
140.949
139.944
138.939
137.935
136.931
135.927
134.924
133.921
132.918
131.916
130.915
129.913
128.913
127.913
126.913
125.914
124.916
123.918
122.92
121.923
120.927
119.931
118.936
117.941
116.947
115.953
114.96
113.967
112.974
111.982
110.99
109.999
109.007
108.016
107.026
106.035
105.045
104.054
103.064
102.074
101.084
100.094
99.1038
98.1135
97.1231
96.1325
95.1416
94.1505
93.1591
92.1674
91.1753
90.1829
89.1899
88.1966
87.2027
86.2083
85.2134
84.2178
83.2217
82.225
81.2276
80.2296
79.231
78.2316
77.2316
76.2308
75.2294
74.2273
73.2244
72.2209
71.2167
70.2118
69.2062
68.2
67.1931
66.1855
65.1774
64.1687
63.1594
62.1495
61.1392
60.1283
59.117
58.1052
57.0931
56.0806
55.0678
54.0547
53.0413
52.0277
51.0139
50
150
148.995
147.99
146.985
145.98
144.975
143.97
142.965
141.96
140.956
139.951
138.947
137.944
136.94
135.937
134.934
133.932
132.929
131.928
130.927
129.926
128.925
127.926
126.926
125.927
124.929
123.931
122.933
121.936
120.94
119.944
118.948
117.953
116.958
115.964
114.97
113.977
112.984
111.991
110.999
110.007
109.015
108.023
107.032
106.04
105.049
104.058
103.067
102.076
101.086
100.095
99.1037
98.1126
97.1214
96.13
95.1384
94.1466
93.1544
92.162
91.1692
90.1761
89.1825
88.1886
87.1941
86.1992
85.2037
84.2078
83.2112
82.2141
81.2164
80.2182
79.2192
78.2197
77.2195
76.2187
75.2172
74.2151
73.2123
72.2089
71.2048
70.2001
69.1948
68.1889
67.1823
66.1752
65.1674
64.1592
63.1504
62.1411
61.1313
60.1211
59.1104
58.0993
57.0879
56.0761
55.064
54.0516
53.039
52.0261
51.0131
50
150
148.996
147.991
146.986
145.982
144.977
143.973
142.968
141.964
140.96
139.956
138.952
137.949
136.946
135.943
134.941
133.938
132.937
131.935
130.934
129.933
128.933
127.933
126.934
125.935
124.937
123.939
122.941
121.944
120.948
119.952
118.956
117.961
116.966
115.971
114.977
113.983
112.99
111.997
111.004
110.012
109.019
108.027
107.035
106.044
105.052
104.061
103.069
102.078
101.087
100.095
99.1037
98.1121
97.1204
96.1285
95.1364
94.1441
93.1515
92.1587
91.1655
90.1719
89.178
88.1836
87.1888
86.1935
85.1978
84.2015
83.2047
82.2074
81.2095
80.211
79.212
78.2123
77.2121
76.2112
75.2097
74.2076
73.2048
72.2015
71.1975
70.1929
69.1877
68.182
67.1756
66.1687
65.1613
64.1533
63.1448
62.1359
61.1264
60.1166
59.1063
58.0956
57.0846
56.0732
55.0616
54.0497
53.0375
52.0252
51.0127
50
150
148.996
147.992
146.988
145.984
144.98
143.976
142.972
141.968
140.964
139.961
138.957
137.954
136.951
135.949
134.947
133.945
132.943
131.942
130.941
129.941
128.941
127.941
126.942
125.943
124.945
123.947
122.949
121.952
120.955
119.959
118.963
117.968
116.973
115.978
114.983
113.989
112.996
112.002
111.009
110.016
109.024
108.031
107.039
106.047
105.055
104.063
103.071
102.079
101.087
100.096
99.1036
98.1116
97.1194
96.1271
95.1346
94.1418
93.1488
92.1555
91.1619
90.168
89.1736
88.1789
87.1838
86.1882
85.1922
84.1956
83.1986
82.2011
81.203
80.2043
79.2051
78.2054
77.205
76.2041
75.2025
74.2004
73.1977
72.1944
71.1905
70.1861
69.1811
68.1755
67.1693
66.1626
65.1554
64.1477
63.1396
62.1309
61.1218
60.1123
59.1024
58.0921
57.0815
56.0706
55.0594
54.0479
53.0362
52.0243
51.0122
50
150
148.997
147.993
146.99
145.986
144.983
143.979
142.976
141.973
140.97
139.967
138.964
137.962
136.959
135.957
134.955
133.954
132.953
131.952
130.951
129.951
128.951
127.952
126.952
125.954
124.955
123.957
122.96
121.963
120.966
119.969
118.973
117.978
116.982
115.987
114.992
113.998
113.004
112.01
111.016
110.023
109.03
108.037
107.044
106.051
105.059
104.066
103.074
102.081
101.089
100.096
99.1036
98.1109
97.1181
96.1252
95.132
94.1386
93.145
92.1511
91.157
90.1625
89.1676
88.1724
87.1768
86.1808
85.1843
84.1874
83.1901
82.1922
81.1938
80.195
79.1956
78.1956
77.1952
76.1941
75.1926
74.1905
73.1878
72.1846
71.1808
70.1766
69.1717
68.1664
67.1605
66.1541
65.1473
64.14
63.1322
62.124
61.1154
60.1064
59.097
58.0873
57.0772
56.0668
55.0562
54.0454
53.0343
52.023
51.0116
50
150
148.997
147.994
146.991
145.988
144.985
143.982
142.979
141.976
140.973
139.971
138.968
137.966
136.964
135.962
134.961
133.959
132.958
131.958
130.957
129.957
128.957
127.958
126.959
125.96
124.962
123.964
122.966
121.969
120.972
119.976
118.98
117.984
116.988
115.993
114.998
114.003
113.009
112.015
111.021
110.027
109.034
108.04
107.047
106.054
105.061
104.068
103.075
102.082
101.09
100.097
99.1037
98.1106
97.1174
96.124
95.1304
94.1367
93.1427
92.1485
91.1539
90.1591
89.1639
88.1684
87.1725
86.1762
85.1795
84.1823
83.1848
82.1867
81.1882
80.1892
79.1896
78.1896
77.1891
76.188
75.1864
74.1843
73.1817
72.1785
71.1748
70.1706
69.1659
68.1607
67.155
66.1489
65.1423
64.1352
63.1277
62.1197
61.1114
60.1027
59.0936
58.0842
57.0745
56.0645
55.0543
54.0438
53.0331
52.0222
51.0112
50
150
148.998
147.995
146.993
145.99
144.988
143.985
142.983
141.981
140.978
139.976
138.974
137.972
136.971
135.969
134.968
133.967
132.967
131.966
130.966
129.966
128.967
127.967
126.968
125.97
124.971
123.973
122.976
121.979
120.982
119.985
118.988
117.992
116.997
116.001
115.006
114.011
113.016
112.022
111.027
110.033
109.039
108.045
107.052
106.058
105.065
104.071
103.078
102.084
101.091
100.097
99.1037
98.1101
97.1163
96.1224
95.1283
94.134
93.1395
92.1447
91.1497
90.1544
89.1587
88.1628
87.1665
86.1698
85.1727
84.1753
83.1774
82.179
81.1803
80.1811
79.1814
78.1812
77.1806
76.1794
75.1778
74.1757
73.1731
72.17
71.1664
70.1624
69.1579
68.1529
67.1474
66.1415
65.1352
64.1284
63.1213
62.1137
61.1058
60.0975
59.0889
58.08
57.0708
56.0613
55.0516
54.0416
53.0315
52.0211
51.0106
50
150
148.998
147.996
146.994
145.992
144.99
143.987
142.985
141.983
140.981
139.98
138.978
137.976
136.975
135.974
134.973
133.972
132.972
131.971
130.971
129.972
128.972
127.973
126.974
125.976
124.977
123.979
122.982
121.984
120.987
119.99
118.994
117.998
117.002
116.006
115.011
114.016
113.021
112.026
111.031
110.037
109.043
108.048
107.054
106.061
105.067
104.073
103.079
102.085
101.092
100.098
99.1038
98.1098
97.1156
96.1214
95.1269
94.1323
93.1375
92.1424
91.1471
90.1515
89.1556
88.1593
87.1628
86.1658
85.1686
84.1709
83.1728
82.1743
81.1754
80.176
79.1762
78.176
77.1753
76.1741
75.1725
74.1704
73.1678
72.1647
71.1612
70.1573
69.1529
68.148
67.1427
66.137
65.1308
64.1243
63.1173
62.11
61.1024
60.0944
59.086
58.0774
57.0685
56.0593
55.0499
54.0403
53.0304
52.0204
51.0103
50
150
148.998
147.997
146.995
145.993
144.991
143.989
142.988
141.986
140.984
139.983
138.981
137.98
136.979
135.978
134.977
133.977
132.976
131.976
130.977
129.977
128.978
127.978
126.98
125.981
124.983
123.985
122.987
121.99
120.993
119.996
118.999
118.003
117.007
116.011
115.015
114.02
113.025
112.03
111.035
110.04
109.046
108.051
107.057
106.063
105.069
104.075
103.08
102.086
101.092
100.098
99.1038
98.1095
97.115
96.1205
95.1257
94.1308
93.1356
92.1402
91.1446
90.1487
89.1525
88.1561
87.1593
86.1621
85.1646
84.1667
83.1685
82.1698
81.1708
80.1713
79.1714
78.1711
77.1703
76.1691
75.1674
74.1653
73.1628
72.1598
71.1563
70.1524
69.1481
68.1434
67.1382
66.1327
65.1267
64.1203
63.1136
62.1065
61.0991
60.0913
59.0833
58.0749
57.0663
56.0574
55.0483
54.039
53.0295
52.0198
51.01
50
150
148.999
147.998
146.996
145.995
144.994
143.992
142.991
141.99
140.988
139.987
138.986
137.985
136.985
135.984
134.984
133.983
132.983
131.983
130.984
129.984
128.985
127.986
126.987
125.989
124.991
123.993
122.995
121.998
121
120.003
119.007
118.01
117.014
116.018
115.022
114.026
113.031
112.035
111.04
110.045
109.05
108.055
107.061
106.066
105.072
104.077
103.082
102.088
101.093
100.099
99.104
98.1092
97.1142
96.1192
95.124
94.1286
93.133
92.1372
91.1412
90.1449
89.1484
88.1515
87.1544
86.1569
85.1591
84.161
83.1625
82.1636
81.1644
80.1647
79.1647
78.1642
77.1634
76.1621
75.1604
74.1583
73.1558
72.1528
71.1495
70.1457
69.1415
68.137
67.132
66.1266
65.1209
64.1148
63.1084
62.1016
61.0945
60.0871
59.0795
58.0715
57.0633
56.0548
55.0461
54.0372
53.0281
52.0189
51.0095
50
150
148.999
147.998
146.997
145.996
144.995
143.994
142.993
141.992
140.991
139.99
138.989
137.989
136.988
135.988
134.987
133.987
132.987
131.988
130.988
129.989
128.99
127.991
126.992
125.994
124.996
123.998
123
122.002
121.005
120.008
119.011
118.015
117.018
116.022
115.026
114.03
113.034
112.039
111.044
110.048
109.053
108.058
107.063
106.068
105.073
104.079
103.084
102.089
101.094
100.099
99.1041
98.109
97.1138
96.1184
95.1229
94.1273
93.1314
92.1354
91.1391
90.1426
89.1458
88.1487
87.1514
86.1537
85.1557
84.1574
83.1588
82.1598
81.1604
80.1606
79.1605
78.16
77.1591
76.1578
75.156
74.1539
73.1514
72.1485
71.1452
70.1415
69.1374
68.133
67.1281
66.1229
65.1174
64.1114
63.1052
62.0986
61.0917
60.0845
59.0771
58.0693
57.0614
56.0531
55.0447
54.0361
53.0273
52.0183
51.0092
50
150
149
147.999
146.998
145.998
144.997
143.996
142.996
141.995
140.995
139.994
138.994
137.993
136.993
135.993
134.993
133.993
132.993
131.994
130.994
129.995
128.996
127.998
126.999
126.001
125.002
124.004
123.007
122.009
121.012
120.015
119.018
118.021
117.024
116.028
115.032
114.036
113.04
112.044
111.048
110.053
109.057
108.062
107.066
106.071
105.076
104.081
103.085
102.09
101.095
100.1
99.1042
98.1087
97.1131
96.1174
95.1215
94.1255
93.1292
92.1328
91.1362
90.1393
89.1422
88.1448
87.1472
86.1493
85.151
84.1525
83.1536
82.1544
81.1548
80.1549
79.1547
78.1541
77.1531
76.1517
75.15
74.1479
73.1454
72.1425
71.1393
70.1357
69.1317
68.1274
67.1227
66.1177
65.1124
64.1067
63.1007
62.0944
61.0878
60.0809
59.0738
58.0664
57.0587
56.0509
55.0428
54.0346
53.0261
52.0176
51.0088
50
150
149
148
146.999
145.999
144.998
143.998
142.998
141.997
140.997
139.997
138.996
137.996
136.996
135.996
134.996
133.997
132.997
131.998
130.998
129.999
129
128.002
127.003
126.005
125.007
124.009
123.011
122.013
121.016
120.019
119.022
118.025
117.028
116.032
115.035
114.039
113.043
112.047
111.051
110.055
109.06
108.064
107.068
106.073
105.078
104.082
103.087
102.091
101.096
100.1
99.1043
98.1086
97.1127
96.1168
95.1206
94.1244
93.1279
92.1313
91.1344
90.1373
89.14
88.1424
87.1446
86.1465
85.1481
84.1494
83.1504
82.1511
81.1514
80.1514
79.1511
78.1504
77.1494
76.148
75.1462
74.1441
73.1416
72.1388
71.1356
70.1321
69.1282
68.124
67.1194
66.1145
65.1093
64.1037
63.0979
62.0918
61.0853
60.0786
59.0717
58.0645
57.0571
56.0495
55.0416
54.0336
53.0254
52.0171
51.0086
50
150
149
148
147
146
145
143.999
142.999
141.999
140.999
139.999
138.999
137.999
136.999
135.999
134.999
134
133
132.001
131.002
130.003
129.004
128.006
127.007
126.009
125.011
124.013
123.015
122.017
121.02
120.023
119.025
118.028
117.032
116.035
115.039
114.042
113.046
112.05
111.054
110.058
109.062
108.066
107.07
106.075
105.079
104.083
103.088
102.092
101.096
100.1
99.1045
98.1085
97.1124
96.1162
95.1198
94.1233
93.1266
92.1298
91.1327
90.1354
89.1379
88.1402
87.1422
86.1439
85.1453
84.1465
83.1474
82.1479
81.1482
80.1481
79.1477
78.1469
77.1459
76.1444
75.1427
74.1406
73.1381
72.1353
71.1322
70.1287
69.1249
68.1207
67.1162
66.1115
65.1064
64.101
63.0953
62.0893
61.083
60.0765
59.0698
58.0628
57.0555
56.0481
55.0405
54.0327
53.0247
52.0166
51.0084
50
150
149
148.001
147.001
146.001
145.001
144.001
143.002
142.002
141.002
140.002
139.002
138.003
137.003
136.003
135.004
134.005
133.005
132.006
131.007
130.008
129.01
128.011
127.013
126.014
125.016
124.018
123.021
122.023
121.025
120.028
119.031
118.034
117.037
116.04
115.043
114.047
113.05
112.054
111.058
110.061
109.065
108.069
107.073
106.077
105.081
104.085
103.089
102.093
101.097
100.101
99.1047
98.1084
97.1119
96.1154
95.1187
94.1219
93.1249
92.1277
91.1304
90.1328
89.135
88.137
87.1388
86.1403
85.1415
84.1425
83.1432
82.1436
81.1437
80.1435
79.143
78.1421
77.141
76.1395
75.1377
74.1356
73.1332
72.1304
71.1273
70.1239
69.1202
68.1162
67.1119
66.1072
65.1023
64.0971
63.0916
62.0858
61.0798
60.0735
59.067
58.0603
57.0534
56.0463
55.0389
54.0314
53.0238
52.016
51.008
50
150
149.001
148.001
147.002
146.002
145.002
144.003
143.003
142.003
141.004
140.004
139.005
138.005
137.006
136.006
135.007
134.008
133.008
132.009
131.011
130.012
129.013
128.015
127.016
126.018
125.02
124.022
123.024
122.026
121.029
120.031
119.034
118.037
117.04
116.043
115.046
114.05
113.053
112.057
111.06
110.064
109.067
108.071
107.075
106.079
105.083
104.086
103.09
102.094
101.098
100.101
99.1048
98.1083
97.1117
96.1149
95.118
94.121
93.1238
92.1265
91.129
90.1312
89.1333
88.1351
87.1367
86.1381
85.1392
84.14
83.1406
82.1409
81.1409
80.1406
79.14
78.1391
77.138
76.1365
75.1347
74.1326
73.1301
72.1274
71.1243
70.121
69.1173
68.1134
67.1091
66.1046
65.0998
64.0947
63.0893
62.0837
61.0778
60.0717
59.0654
58.0588
57.0521
56.0451
55.038
54.0307
53.0232
52.0156
51.0079
50
150
149.001
148.002
147.003
146.003
145.004
144.005
143.005
142.006
141.006
140.007
139.008
138.008
137.009
136.01
135.011
134.012
133.013
132.014
131.015
130.016
129.018
128.019
127.021
126.023
125.025
124.027
123.029
122.031
121.034
120.036
119.039
118.042
117.044
116.047
115.05
114.054
113.057
112.06
111.064
110.067
109.07
108.074
107.077
106.081
105.085
104.088
103.092
102.095
101.098
100.102
99.105
98.1082
97.1113
96.1143
95.1171
94.1198
93.1224
92.1248
91.127
90.129
89.1308
88.1324
87.1338
86.135
85.1359
84.1366
83.137
82.1371
81.137
80.1366
79.136
78.135
77.1338
76.1322
75.1304
74.1283
73.1259
72.1232
71.1202
70.1169
69.1133
68.1095
67.1053
66.1009
65.0963
64.0913
63.0861
62.0807
61.075
60.0691
59.063
58.0567
57.0502
56.0435
55.0366
54.0296
53.0224
52.015
51.0076
50
150
149.001
148.002
147.003
146.004
145.005
144.006
143.006
142.007
141.008
140.009
139.01
138.01
137.011
136.012
135.013
134.014
133.015
132.017
131.018
130.019
129.021
128.022
127.024
126.026
125.028
124.03
123.032
122.034
121.037
120.039
119.042
118.044
117.047
116.05
115.053
114.056
113.059
112.062
111.066
110.069
109.072
108.076
107.079
106.082
105.086
104.089
103.092
102.096
101.099
100.102
99.1052
98.1082
97.1111
96.1139
95.1166
94.1191
93.1215
92.1237
91.1258
90.1276
89.1293
88.1308
87.132
86.1331
85.1339
84.1344
83.1348
82.1348
81.1346
80.1342
79.1334
78.1324
77.1312
76.1296
75.1278
74.1256
73.1232
72.1206
71.1176
70.1143
69.1108
68.107
67.103
66.0987
65.0941
64.0892
63.0842
62.0789
61.0733
60.0675
59.0616
58.0554
57.049
56.0425
55.0358
54.0289
53.0219
52.0147
51.0074
50
150
149.001
148.002
147.004
146.005
145.006
144.007
143.008
142.009
141.009
140.01
139.011
138.012
137.013
136.014
135.016
134.017
133.018
132.019
131.021
130.022
129.024
128.025
127.027
126.029
125.031
124.033
123.035
122.037
121.04
120.042
119.045
118.047
117.05
116.053
115.056
114.058
113.062
112.065
111.068
110.071
109.074
108.077
107.08
106.084
105.087
104.09
103.093
102.096
101.099
100.102
99.1054
98.1082
97.1109
96.1136
95.1161
94.1184
93.1207
92.1227
91.1246
90.1264
89.1279
88.1292
87.1304
86.1313
85.132
84.1324
83.1327
82.1326
81.1324
80.1319
79.1311
78.13
77.1287
76.1271
75.1253
74.1232
73.1208
72.1181
71.1152
70.112
69.1085
68.1048
67.1008
66.0965
65.092
64.0873
63.0823
62.0771
61.0717
60.066
59.0602
58.0542
57.0479
56.0415
55.035
54.0282
53.0214
52.0144
51.0072
50
150
149.002
148.003
147.004
146.006
145.007
144.008
143.009
142.01
141.012
140.013
139.014
138.015
137.016
136.018
135.019
134.02
133.021
132.023
131.024
130.026
129.028
128.029
127.031
126.033
125.035
124.037
123.039
122.041
121.044
120.046
119.048
118.051
117.054
116.056
115.059
114.062
113.065
112.068
111.071
110.074
109.077
108.08
107.083
106.086
105.089
104.092
103.094
102.097
101.1
100.103
99.1056
98.1082
97.1107
96.1131
95.1154
94.1175
93.1195
92.1214
91.1231
90.1246
89.1259
88.1271
87.128
86.1288
85.1293
84.1297
83.1298
82.1296
81.1292
80.1286
79.1278
78.1267
77.1253
76.1237
75.1218
74.1197
73.1173
72.1147
71.1118
70.1086
69.1052
68.1016
67.0977
66.0935
65.0892
64.0846
63.0797
62.0747
61.0694
60.064
59.0583
58.0525
57.0464
56.0402
55.0339
54.0274
53.0207
52.0139
51.007
50
150
149.002
148.003
147.005
146.006
145.008
144.009
143.01
142.012
141.013
140.014
139.016
138.017
137.018
136.019
135.021
134.022
133.024
132.025
131.027
130.028
129.03
128.032
127.034
126.035
125.037
124.04
123.042
122.044
121.046
120.048
119.051
118.053
117.056
116.059
115.061
114.064
113.067
112.07
111.072
110.075
109.078
108.081
107.084
106.087
105.09
104.092
103.095
102.098
101.101
100.103
99.1058
98.1082
97.1106
96.1128
95.115
94.117
93.1188
92.1206
91.1221
90.1235
89.1247
88.1258
87.1266
86.1273
85.1277
84.1279
83.128
82.1278
81.1273
80.1266
79.1257
78.1246
77.1232
76.1216
75.1197
74.1176
73.1152
72.1125
71.1097
70.1066
69.1032
68.0996
67.0958
66.0917
65.0874
64.0829
63.0781
62.0732
61.068
60.0627
59.0571
58.0514
57.0455
56.0394
55.0332
54.0268
53.0203
52.0136
51.0069
50
