115384
115384
115383
115382
115380
115377
115371
115362
115348
115325
115289
115237
115161
115053
114905
114705
114445
114112
113697
113192
112590
111887
111083
110176
109172
108073
106885
105617
104275
102866
101398
99879.2
98315.5
96713.6
95079.7
93419.3
91737.8
90040.1
88330.7
86614.4
84895.9
83180.1
81472.7
79780.9
78113.7
76484.2
74911.9
73427.5
72080.4
70948.4
70135.7
69713.3
69575.5
69493.8
69446.6
69425.2
69429.4
69469.4
69572.5
69790.9
70209.9
70951.9
72173.9
74059.4
76805.3
80606
85632.1
92000.4
99731.4
108698
118578
128849
138853
147924
155560
161524
165855
168789
170643
171729
172298
172522
172493
172234
171692
170731
169115
166485
162389
156415
148541
139563
131059
124473
120215
117807
116558
115941
115645
115505
115505
