999985
999985
999972
999948
999907
999836
999715
999517
999199
998701
997939
996805
995160
992835
989635
985349
979755
972644
963827
953157
940538
925936
909374
890934
870748
848986
825844
801534
776273
750275
723745
696873
669833
642784
615866
589200
562896
537047
511736
487035
463012
439728
417249
395646
375005
355447
337148
320382
305592
293468
284915
280456
278881
277846
277120
276588
276186
275872
275620
275413
275239
275088
274954
274834
274725
274625
274532
274446
274365
274289
274216
274144
274072
273998
273918
273830
273729
273606
273448
273231
272912
272415
271606
270259
267998
264218
258009
248137
233252
212579
187120
160437
137335
120830
110789
105331
102561
101210
100565
100262
100262
