12.9999
12.9999
12.9998
12.9996
12.9993
12.9987
12.9978
12.9962
12.9938
12.9899
12.9839
12.9751
12.9622
12.944
12.919
12.8854
12.8414
12.7854
12.7158
12.6311
12.5305
12.4134
12.2797
12.1296
11.9639
11.7836
11.5897
11.3836
11.1668
10.9406
10.7065
10.4657
10.2197
9.9694
9.71605
9.46057
9.20388
8.9468
8.69011
8.43454
8.18082
7.9297
7.68201
7.43873
7.20115
6.971
6.75088
6.54486
6.35939
6.20454
6.0935
6.03449
6.01248
5.99721
5.9856
5.97596
5.96691
5.95669
5.94244
5.9194
5.88034
5.81565
5.71441
5.5665
5.36535
5.1105
4.80892
4.47464
4.12656
3.78512
3.46882
3.19145
2.96075
2.77842
2.64127
2.54293
2.47561
2.4315
2.40369
2.38659
2.37593
2.36853
2.36188
2.35371
2.34139
2.32135
2.28847
2.23566
2.15457
2.03861
1.88958
1.72436
1.57184
1.45611
1.38239
1.34114
1.31988
1.30942
1.3044
1.30204
1.30204
