0.00319604
0.00319604
0.00600605
0.011065
0.0199775
0.0353332
0.0611942
0.103742
0.17209
0.279228
0.443026
0.687161
1.04178
1.54365
2.23567
3.16555
4.38364
5.94021
7.88242
10.2514
13.0798
16.3903
20.1948
24.4951
29.2836
34.5448
40.2573
46.3956
52.9316
59.8359
67.0792
74.6328
82.4694
90.5631
98.8898
107.427
116.153
125.048
134.093
143.268
152.551
161.92
171.345
180.79
190.203
199.51
208.595
217.27
225.229
231.988
236.891
239.482
240.381
240.958
241.349
241.622
241.815
241.951
242.047
242.112
242.154
242.178
242.188
242.187
242.177
242.158
242.134
242.103
242.067
242.026
241.981
241.93
241.873
241.809
241.737
241.654
241.557
241.438
241.285
241.074
240.764
240.282
239.497
238.189
235.98
232.256
226.041
215.899
199.954
176.354
144.56
107.247
70.7251
41.5646
22.2795
11.2265
5.44987
2.58786
1.21172
0.561584
0.561584
